3.718225760062958613e-05
1.896403898620097615e-05
2.266190555211552560e-06
9.007294578752990857e-06
5.773082974096921016e-06
8.579096115270326952e-04
2.293187016650951107e-02
1.596509080680450221e-01
3.255669706864691704e-01
2.460812414139760307e+01
4.359487207451962831e+00
1.477725725467521123e+00
2.180313892235599127e-01
1.290453902643150274e-04
2.334341388585648228e-03
1.122626843067529682e-02
3.756284420581085248e-02
1.367339187962294568e-02
6.947232647679467495e-06
2.616757493254306477e-04
3.003328455395385885e-03
8.248337966395572624e-03
2.169318685668777339e-03
5.175135025822754557e-05
2.119491817027991960e-03
6.703393238408185753e-03
1.203098920975905883e-03
7.506913710060277023e-02
7.116324712934503360e-02
4.064814595909282069e+00
2.407211399053714285e+00
5.894230488753011976e-02
7.111211907678352540e-02
7.813582922856499025e-02
3.366795167037658128e-03
9.732694210958348080e-03
3.907617160468931927e-03
2.791707173632549787e-03
6.373535165572602988e-03
1.478827505520096536e-04
1.238324239328907235e-03
1.492402649761097940e-04
1.376235421217683738e-03
7.988086807432667963e-04
1.278576764706395013e-03
5.461825589119083824e-04
1.161619291003820366e-02
4.881055568385275767e-02
3.707444898283638723e-03
1.758275146427700220e+00
2.359074426243198186e+00
2.412257060890047895e-03
1.706981289163693183e-01
6.436452155085266302e-02
1.503125315654851857e-02
8.958862272997837606e-02
1.493498764948674763e-02
4.127764567906145460e-02
5.159700569611865018e-02
3.163378740241191978e-02
1.072288050936886644e-01
1.490435692021085858e-03
4.956332288945265729e-02
2.546458048967496779e-02
3.011310574803269940e-02
1.072790753087082133e-01
1.589908700285275478e-01
1.325726087986668633e-01
1.990746252427311180e-02
4.560373117714175417e-01
1.340245394922970457e+00
4.128252478448810048e-02
6.801356302288721900e-02
2.328493956782353574e-02
2.959936116294980060e-02
2.328975327219395125e-02
5.645543217467801841e-03
2.074671430493712707e-02
1.542010473526064449e-02
7.138245618721483429e-03
2.991137296154485967e-03
6.647723864982859124e-03
1.763848821729765981e-02
6.035154464599758878e-03
5.389217317139668008e-04
1.089840241441063446e-03
3.314751328332352521e-03
4.119877664761280832e-03
2.938517482209945450e-03
4.505850225819712368e-02
2.107277614198033167e-01
2.708712898064117441e-02
1.040684198793117785e-02
1.090873953156433354e-03
3.696117648356938082e-03
1.524170816021463331e-03
1.864472402231792789e-04
2.092458677252470416e-03
1.729781994813756659e-03
2.810027227452057286e-03
6.189516641180966335e-04
1.339277181795550230e-03
2.671150365650446293e-03
5.882105928209275820e-04
6.945981125129540245e-05
5.320970341123370173e-04
6.868306345736694719e-04
7.635186513450860791e-04
3.118521910192619592e-03
5.605831763901288067e-03
3.753863355856025541e-02
9.435152123357720341e-03
1.867449652184130244e-03
2.546000811974191854e-04
1.023697223813660375e-04
1.905520116127343619e-05
7.146671821722032597e-05
3.550167765353259407e-04
4.311683184352361358e-04
1.553492090860836717e-04
3.924283138096345728e-05
3.663209448103302355e-04
2.919678587751982704e-04
6.746521664494740272e-05
4.083540249467980187e-05
2.982183567174384822e-05
8.141974590329513093e-05
3.310041944369100718e-04
4.674302968705282843e-04
1.930110142572405289e-04
2.745983390106385147e-03
2.492253831638679192e-03
3.057247495906016146e-04
7.569742531206955665e-05
2.549188922767480674e-04
2.275715440560679721e-04
1.783138992838792275e-04
3.754295935909285125e-04
4.322995465187618618e-04
1.258118083228610979e-04
8.439622797351861272e-05
1.087779582962427255e-04
4.845960000694533745e-05
5.175038689051083006e-05
3.791770057040908779e-05
2.275601119570135975e-06
2.071169411505533855e-05
1.540912343211173858e-04
4.701627240604193034e-04
3.044557424494559439e-04
3.509922903019030600e-03
7.264403928477485006e-03
4.258985277147130403e-04
5.832384175770192157e-04
2.450448910323686910e-04
1.772424523550089278e-04
2.880250083860726737e-04
3.697720699997942466e-04
3.961295320368799942e-04
2.199403123243029337e-04
1.609967151758724094e-04
1.179871522210818194e-05
2.498284665741898407e-05
5.836566958027884436e-05
3.642923297741437169e-05
6.088365968157505163e-05
3.990362143296507131e-05
1.306469210148900279e-04
6.670298746750822272e-04
6.395271095010361185e-05
5.407786261794864796e-03
1.180457016054176425e-02
1.402990960689855151e-03
1.083419235857359213e-03
1.255164279860887305e-04
4.582972073544980805e-04
4.265608937608901486e-04
3.590651804877507676e-04
4.031289379839962401e-04
2.009028544606485393e-04
4.341018086636777378e-05
1.036534134197681240e-04
1.238033643739901483e-04
1.221352617293533819e-04
1.444450973602956240e-04
1.033723282170893431e-04
4.951796485262681120e-05
3.344635438191352985e-04
9.850498661846924609e-05
1.098332438608389233e-03
9.754668313506843075e-03
3.665130153267685126e-02
2.798141853063081195e-03
1.637819517754701519e-03
4.059393880692377323e-04
4.812222695421491340e-05
2.491981716043775263e-04
1.987055743515460892e-04
8.941526086375988435e-05
4.013255939233784791e-04
5.136874909581828300e-04
1.884957441458189975e-04
3.550350416659839954e-04
3.096353276180050440e-04
1.863944631858906344e-05
3.451442826553610590e-04
5.249541695272845736e-04
7.735753889168995388e-06
6.873522554360264039e-04
1.988507058972357848e-03
2.692543540469708417e-03
2.717428390821767514e-02
7.073590954944747669e-03
1.088799691028450711e-03
3.763481550669531836e-04
3.731933266844087078e-04
4.688809855024918786e-05
1.264566193286052699e-04
1.665369433014522282e-04
2.408210953351555452e-04
2.127458843751288441e-04
2.289086751724215228e-04
2.548698602750629530e-04
6.552486301955066580e-04
1.086316125031294277e-03
8.898940103490090995e-04
1.797698772490340493e-03
2.137282529650590211e-03
1.127291644072402066e-03
9.440718898017510033e-03
8.033207111948140536e-03
1.023194099894931819e-01
3.659392891771003076e-02
6.295216024475777921e-04
6.542628295900732504e-04
1.807336667148055757e-04
4.446580006804500646e-04
1.261572376761290815e-04
3.642151382614356207e-05
1.155463671212735206e-04
2.872776265166074138e-05
2.885754305475707478e-04
6.608889606506671878e-05
1.662824609861815375e-04
4.537846915585251714e-04
1.201417791619930096e-04
1.952794564255277369e-03
1.304287424130277017e-03
1.217646690119133027e-03
7.428673804021949066e-03
8.298018103499207572e-04
9.366719950127117000e-02
6.673157759751204010e-02
4.322559380260479370e-04
1.869943416191571003e-03
2.473259179111689026e-04
3.838870831177897293e-05
1.254144544373418581e-04
6.468289020471671943e-05
9.026300365117435011e-06
1.369340491276947107e-04
7.638124474952190466e-05
1.501951058489823783e-04
3.448559471221116185e-04
2.184916027074943921e-04
1.842304678003148320e-04
7.682471305067212122e-04
2.075242458930660547e-04
1.425732208464090692e-03
2.380829598152741852e-03
2.181383073484317978e-04
2.746105654934904300e-02
3.751597497863591590e-02
1.174098725010103757e-03
7.931876010439972268e-04
7.245858197736896884e-05
7.201359511319013502e-05
1.147383326424430755e-04
9.579590005617545081e-05
2.797657708674430144e-05
1.329818006830958948e-04
5.447169693279280849e-05
7.862167813491679656e-05
2.583753630396210216e-04
2.747546993935922948e-04
2.411401087398316585e-04
5.555071614727451201e-04
8.522849263308631990e-05
9.758239510545773342e-04
1.067612176383748003e-03
8.766810326637409926e-04
1.438745419973032000e-02
3.165668484162092317e-02
4.228447962083803011e-03
6.816664275635332323e-04
1.213653349856910697e-04
6.803152638586475989e-05
1.907407122129219730e-05
2.717781593228980538e-05
1.170750034408065756e-05
1.170236210591481138e-04
6.578723071138123195e-05
5.980007831439648189e-05
8.566635148733937237e-05
4.490959526733234708e-05
1.573215526728839189e-04
3.452914663785179019e-04
6.243056872456936152e-05
5.272471347065650236e-04
2.059834120713215869e-04
9.226024881929327081e-04
4.651807533252529797e-03
1.849060116118646582e-02
5.089074040830508100e-03
1.311199259540486955e-04
1.514434582232755059e-04
5.533990126101513858e-05
3.859606788620993314e-05
3.716299412875391403e-05
2.494012977279713708e-06
1.233255481903051436e-05
1.336325589271961728e-06
3.340823794177001567e-05
7.283706813910898674e-05
3.223627459831823999e-05
2.845817065469152042e-05
3.862979531474002856e-05
4.158169129389812258e-05
2.498540818856462504e-04
4.027941914819829859e-05
3.539442263873405397e-04
5.966981641317064882e-04
6.156845402335595595e-03
2.661085597214662372e-03
1.203262160691682298e-05
1.358105537896646679e-04
1.790294471035630856e-05
4.702525983019560740e-06
1.839452483178709160e-06
1.057997905364858124e-05
2.043347460816496931e-05
5.603086740146097461e-06
1.026154089355081952e-06
2.783952145962740073e-06
7.175889365683373101e-06
3.211545871466908676e-05
2.155887223600211678e-05
2.092666809873519326e-06
1.570455818224319129e-05
8.154490085132466584e-06
1.394328547274882384e-04
6.489573164712792775e-05
9.827875290711173689e-04
9.485632430540397089e-04
5.663636469619379628e-06
1.534310050982550449e-05
2.598358715408565739e-06
1.517956319032126603e-05
7.231786214578544803e-06
1.077437996759155636e-06
7.258836632934678377e-07
4.512465161714740519e-06
7.503979378716899052e-06
6.194750260916808931e-06
1.701020399755640725e-06
1.671547156224930409e-06
2.818032679997953909e-06
1.146402401777931609e-05
1.208876012363050556e-05
4.291167654492360317e-07
3.623205060223907684e-06
2.380854271064613125e-06
1.668679475173583430e-04
1.128548094659959691e-04
2.504343690943953955e-05
1.494400200589898312e-05
2.209438716141767287e-06
7.295489534690963539e-07
2.436213335646645125e-06
4.689549288160194914e-06
4.278893886342809345e-06
2.608083562998359561e-06
2.201648576506105833e-06
3.153075714711980881e-06
3.652694456979290357e-06
4.005683884267055109e-06
3.068859660708595738e-06
2.157187359963551498e-06
2.178995492604520608e-06
4.893522407291455035e-06
6.589391294891602909e-06
2.052453952837079967e-06
2.688892228610760274e-06
3.310973771640284886e-05
3.852528435081938032e-07
1.558879170258352937e-06
4.047101433754633702e-06
3.912575130452476341e-06
2.645390243359850917e-06
2.330502108716834653e-06
2.839251145690742015e-06
3.245269281539077954e-06
2.974198734766769485e-06
