1.100384354254878794e+00
1.098905321660606615e+00
1.096390356718800918e+00
1.092766311349941066e+00
1.087934324730010616e+00
1.081773604135438660e+00
1.074146560032754882e+00
1.064905398319462071e+00
1.053900189591513437e+00
1.040988301364495383e+00
1.026044898706399033e+00
1.008974005054398493e+00
9.897193918660801559e-01
9.682743671971121291e-01
9.446894002249495159e-01
9.190764920192950882e-01
8.916093133101613555e-01
8.625183877778969110e-01
8.320809866931845322e-01
8.006058722185540599e-01
7.684135205348838760e-01
7.358129156724154685e-01
7.030764076900990478e-01
6.704145122286541136e-01
6.379530023048061160e-01
6.057153659958737224e-01
5.736147906359866377e-01
5.414611562304886272e-01
5.089893846118995757e-01
4.759143386182184132e-01
4.420120605316079088e-01
4.072160092031623102e-01
3.717023516695519558e-01
3.359286845871483629e-01
3.005974385854303099e-01
2.665429656769406352e-01
2.345771213296081459e-01
2.053479753063451319e-01
1.792559904259607428e-01
1.564409464964024721e-01
1.368235194942077626e-01
1.201727874301401905e-01
1.061745392706005819e-01
9.448610790681001570e-02
8.477354068855592895e-02
7.673299164699129427e-02
7.010052697387601783e-02
6.465457273373322045e-02
6.021433720204213275e-02
5.663649386400609886e-02
5.381153580588507457e-02
5.166054482026155581e-02
5.013250616494750733e-02
4.920130757282491912e-02
4.885893627877464784e-02
4.909314432223602087e-02
4.981084515460869333e-02
5.058278099855156862e-02
4.987867192372166802e-02
4.367329946505733862e-02
2.795551463401442505e-02
1.073746185661281216e-02
2.836939870701544412e-03
1.874000561167579217e-03
3.257106228483613603e-03
5.037875243866068650e-03
6.661304605829633692e-03
8.026426572926154135e-03
9.156702553221575391e-03
1.010139114014943842e-02
1.090865922742831513e-02
1.162001781594074017e-02
1.227085896443990201e-02
1.289257524736421578e-02
1.351502923454833346e-02
1.416916530715034775e-02
1.488983959772022421e-02
1.571881541645325786e-02
1.670689953649470705e-02
1.791020091238927983e-02
1.936002058900521475e-02
2.092924266729166705e-02
2.186260269376816279e-02
1.988110905632168787e-02
1.301824494438360083e-02
5.812731359637857489e-03
2.555787600763199940e-03
1.962344438960982995e-03
2.349319445588042479e-03
3.006180258224865325e-03
3.709155772703374813e-03
4.409776569231188027e-03
5.122335124418449931e-03
5.889705643727611434e-03
6.778020731391339038e-03
7.885283674497374495e-03
9.362161082531392231e-03
1.144912317966191237e-02
1.453437043883874964e-02
1.921297739363237930e-02
2.619751218805339496e-02
3.552628769743552961e-02
4.447464014941489296e-02
4.753084984457718598e-02
4.329710308718454082e-02
3.619707624144791192e-02
2.979278579779387481e-02
2.499795679243705174e-02
2.161488433170594484e-02
1.926771526374454827e-02
1.765250661727140596e-02
1.655951407574906414e-02
1.584920362593028945e-02
1.542726339424088308e-02
1.522529226155280337e-02
1.518539590647954504e-02
1.524592207562931040e-02
1.532669530607038214e-02
1.531548340280589580e-02
1.506465135557327230e-02
1.441603972403309765e-02
1.326792954664798678e-02
1.165766844279893071e-02
9.781976659770626539e-03
7.909465662921267431e-03
6.255293588365229245e-03
4.920192240139998480e-03
3.908243887185777581e-03
3.173438918183687715e-03
2.656385937832289081e-03
2.302824438903155763e-03
2.069562652635639158e-03
1.924409456215088465e-03
1.844030839057027825e-03
1.811478724781844830e-03
1.813985276916139705e-03
1.841147996987825639e-03
1.883521018559775875e-03
1.931689505505040060e-03
1.976016352825508103e-03
2.007272542991424876e-03
2.018132490025333417e-03
2.005013098544569140e-03
1.969293446248869019e-03
1.917103883868656296e-03
1.857705359676628185e-03
1.801321929164571498e-03
1.757427139662658165e-03
1.733965534486960188e-03
1.737397137269271370e-03
1.773178704723266975e-03
1.846317959268866911e-03
1.961765881489589084e-03
2.124517022430511253e-03
2.339338047934536816e-03
2.610065272436032455e-03
2.938445018213596896e-03
3.322577653279774629e-03
3.755191452231315934e-03
4.222194752671419408e-03
4.702136074319966837e-03
5.167175271964052387e-03
5.585797634282386147e-03
5.926844255125499408e-03
6.163810075547137592e-03
6.278185739560840015e-03
6.261043108350632276e-03
6.112823515407520350e-03
5.841924732587039718e-03
5.462908406219934253e-03
4.994989886351328297e-03
4.461134803496699143e-03
3.887763850442111507e-03
3.304844724110205748e-03
2.746027822887978521e-03
2.248432230624804271e-03
1.851697774727621921e-03
1.596002374370599853e-03
1.518931756366045807e-03
1.651395092687244761e-03
2.013163689336701975e-03
2.608949863148031078e-03
3.426065884945726780e-03
4.434470946142186551e-03
5.589437299148575754e-03
6.836344795407405146e-03
8.116548016452309472e-03
9.373082159574571900e-03
1.055521072160993043e-02
1.162130550731872020e-02
1.254005505750944299e-02
1.329035073800771682e-02
1.386034623853869829e-02
1.424616396244890795e-02
1.445060496105583618e-02
1.448207406278151366e-02
1.435379942364018065e-02
1.408332325079083083e-02
1.369217201173051658e-02
1.320557996282395279e-02
1.265213933292142282e-02
1.206328323175396601e-02
1.147256785387949264e-02
1.091479512723268243e-02
1.042508426750372863e-02
1.003803794611034077e-02
9.787141179152558310e-03
9.704479117272117594e-03
9.820779682410929814e-03
1.016570266653069911e-02
1.076823057225315301e-02
1.165698078983384151e-02
1.286025572177203029e-02
1.440567253160243005e-02
1.631926128079999247e-02
1.862398536851345848e-02
2.133771960754534541e-02
2.447081652805710786e-02
2.802349347463305509e-02
3.198336675825444453e-02
3.632352158561170247e-02
4.100151137478726115e-02
4.595960683741392300e-02
5.112646020911401634e-02
5.642013433378473275e-02
6.175221494707813091e-02
6.703253451953455899e-02
7.217393719926580575e-02
7.709653090664200792e-02
8.173099458628939329e-02
8.602069745406970558e-02
8.992259140910753568e-02
9.340701151379744716e-02
9.645663423204819953e-02
9.906489168655693844e-02
1.012341319411001889e-01
1.029737682970109369e-01
1.042985940412837903e-01
1.052273686405075098e-01
1.057817174339349964e-01
1.059853351023601759e-01
1.058634459661988436e-01
1.054424520137267340e-01
1.047496919415200900e-01
1.038132399833801428e-01
1.026616894085063542e-01
1.013238885457795613e-01
9.982862230829135652e-02
9.820425447826625076e-02
9.647836131595947939e-02
9.467739302243093069e-02
9.282639614703708242e-02
9.094881921768956101e-02
8.906640905868656866e-02
8.719919015285981789e-02
8.536550714107683790e-02
8.358210315782864386e-02
8.186420494333608577e-02
8.022558921865169390e-02
7.867861253572562552e-02
7.723419711725709735e-02
7.590177626422295321e-02
7.468921290983891736e-02
7.360271220291624006e-02
7.264675237068909941e-02
7.182405690720927716e-02
7.113562549998657392e-02
7.058083201399847906e-02
7.015758696896638724e-02
6.986255133016869290e-02
6.969138008879462165e-02
6.963896953894670172e-02
6.969968205032729680e-02
6.986752625711553644e-02
7.013627792405956185e-02
7.049953583012322222e-02
7.095071624832799406e-02
7.148299763841248211e-02
7.208923306553598198e-02
7.276185114829299139e-02
7.349276697890018417e-02
7.427332270956608917e-02
7.509427380484166858e-02
7.594583184536442266e-02
7.681776878188552315e-02
7.769958122591941185e-02
7.858070726209748225e-02
7.945078289754967105e-02
8.029992110446534936e-02
8.111899385752707747e-02
8.189989687127875728e-02
8.263577796404371345e-02
8.332121295435418462e-02
8.395231736227316832e-02
8.452678741285801767e-02
8.504386932063603965e-02
8.550426099464546181e-02
8.590995467541095998e-02
8.626403229501165837e-02
8.657042741593777568e-02
8.683366848842279107e-02
8.705861801501305064e-02
8.725022122615434805e-02
8.741327625864413198e-02
8.755223577096056531e-02
8.767104756875331029e-02
8.777303926072260731e-02
8.786084931421360433e-02
8.793640422828793990e-02
8.800093900321491469e-02
8.805505579189634724e-02
8.809881371367857261e-02
8.813184142873879690e-02
8.815346331382541145e-02
8.816282999546645738e-02
8.815904456478186602e-02
8.814127692968386218e-02
8.810886030999104390e-02
8.806136567024359929e-02
8.799865173114501671e-02
8.792088994440666605e-02
8.782856534185159991e-02
8.772245541497916688e-02
8.760359013217743074e-02
8.747319688017285433e-02
8.733263456479974096e-02
8.718332136359407958e-02
8.702666071372960888e-02
8.686397004625402707e-02
8.669641652478672633e-02
8.652496358792427511e-02
8.635033140976179633e-02
8.617297348435661031e-02
8.599307044363184438e-02
8.581054100771462467e-02
8.562506874684386315e-02
8.543614222522945278e-02
8.524310521418791697e-02
8.504521309134015217e-02
8.484169132708124783e-02
8.463179209033558359e-02
8.441484542793276091e-02
8.419030209959295352e-02
8.395776588677943131e-02
8.371701395221348152e-02
8.346800454783680212e-02
8.321087202611156253e-02
8.294590970737533708e-02
8.267354171837719423e-02
8.239428547057379981e-02
8.210870700263162014e-02
8.181737195277284658e-02
8.152079540230540433e-02
8.121939416322984662e-02
8.091344517994934760e-02
8.060305350016953863e-02
8.028813270375803612e-02
7.996839977888181572e-02
7.964338528480337243e-02
7.931245837591895109e-02
7.897486504453778144e-02
7.862977692353212422e-02
7.827634728357169003e-02
7.791377050509895597e-02
7.754134127307348023e-02
7.715850994777832816e-02
7.676493089761764199e-02
7.636050094159242685e-02
7.594538538508739667e-02
7.552002944925813310e-02
7.508515325892831105e-02
7.464172907495676690e-02
7.419094024810178600e-02
7.373412250821043123e-02
7.327268968025484053e-02
7.280804762468261193e-02
7.234150191107872885e-02
7.187416614963983152e-02
7.140687870833078987e-02
7.094013548687794213e-02
7.047404540265252149e-02
7.000831336364327084e-02
6.954225304454429712e-02
6.907482914943917363e-02
6.860472645899613753e-02
6.813044114074709445e-02
6.765038868373651759e-02
6.716302233459799098e-02
6.666695583009167592e-02
6.616108424293627721e-02
6.564469662761279745e-02
6.511757375498640477e-02
6.458006364002578936e-02
6.403312707809261095e-02
6.347834544611855034e-02
6.291788407774218106e-02
6.235440697629073686e-02
6.179094262634437368e-02
6.123070595904638036e-02
6.067688743407784191e-02
6.013242567009711992e-02
5.959978389041554331e-02
5.908075164984820382e-02
