1.228540588689284618e+00
1.229642406286505674e+00
1.231455644828403528e+00
1.233945691362538621e+00
1.237064414263107759e+00
1.240750893844876579e+00
1.244932898229335283e+00
1.249529436300012231e+00
1.254454716193076802e+00
1.259623789537061445e+00
1.264960062336009994e+00
1.270404699589474884e+00
1.275927744212152160e+00
1.281540520623965396e+00
1.287308616650906234e+00
1.293364457065025119e+00
1.299918220702005467e+00
1.307265622445787479e+00
1.315790870539875534e+00
1.325962875692267451e+00
1.338322456788290982e+00
1.353457773017390231e+00
1.371964470576451767e+00
1.394386167990135483e+00
1.421130344884245167e+00
1.452355442411568998e+00
1.487828835890117274e+00
1.526764861581329180e+00
1.567669596721886327e+00
1.608243892119288532e+00
1.645419726328644749e+00
1.675607297910054694e+00
1.695185483899579681e+00
1.701167251821808835e+00
1.691852065717101894e+00
1.667222873612367762e+00
1.628922985409071433e+00
1.579830107192165434e+00
1.523412982572230012e+00
1.463106194951104833e+00
1.401867144618347494e+00
1.341962182695716210e+00
1.284940822704461194e+00
1.231723326581674050e+00
1.182733714908894784e+00
1.138033034102840180e+00
1.097429749271151334e+00
1.060558899235134023e+00
1.026928852697462702e+00
9.959358750226720014e-01
9.668435793440330883e-01
9.387163935475605347e-01
9.102803516438034981e-01
8.796526006492016991e-01
8.438146484444983830e-01
7.975691390532758662e-01
7.314951213968565735e-01
6.284644040740071658e-01
4.619323233027053388e-01
2.221990933674516111e-01
2.352204567338191457e-02
6.058348272919826527e-02
2.478564279372563184e-01
4.162886565646089498e-01
5.295089446234653163e-01
6.017583605835757909e-01
6.485253136801306661e-01
6.796726027589798935e-01
7.009579738018185679e-01
7.157319164918543031e-01
7.259668175064959428e-01
7.328189441972817741e-01
7.369253390862448017e-01
7.385498547973968764e-01
7.376322183725452231e-01
7.337556054244266379e-01
7.260157377567427739e-01
7.127311839314094399e-01
6.908567695958764965e-01
6.548172711391994083e-01
5.942992402618028080e-01
4.910964645994866928e-01
3.220202721543376501e-01
1.067606009241649084e-01
1.415634859116506571e-02
1.611049492899702118e-01
3.722975447541276295e-01
5.298369059399850034e-01
6.335756257420164239e-01
7.041801280388410023e-01
7.564670867658744857e-01
7.992636511785264908e-01
8.379345329422259736e-01
8.760545285690366502e-01
9.163204337510982844e-01
9.610033335980071589e-01
1.012043422473475340e+00
1.070609242486689539e+00
1.135403571172348247e+00
1.197812188288367663e+00
1.230384661500766530e+00
1.170420638976746863e+00
9.406585012148990232e-01
5.754118639773382338e-01
2.550047434903212062e-01
7.958611125851609847e-02
1.529335208879334558e-02
6.468847448532950156e-03
1.974716398544453314e-02
3.965103936296179160e-02
5.966570523218925337e-02
7.720444167740793395e-02
9.129729480470995251e-02
1.015777721679176487e-01
1.078366796932107019e-01
1.098275341519384246e-01
1.072065890097641944e-01
9.959350147794474029e-02
8.680092431642195960e-02
6.928747649978002354e-02
4.874440919994572213e-02
2.836530918430379272e-02
1.211343762910224199e-02
2.986065260144387789e-03
1.600987593601675739e-03
6.364908308001803600e-03
1.478017247986739523e-02
2.460812548231907856e-02
3.432532152034397516e-02
4.307617944632378265e-02
5.045959617747419745e-02
5.633070896313693149e-02
6.066580446857189335e-02
6.348372012010759791e-02
6.480665250264469601e-02
6.464762964084880270e-02
6.301823381341306596e-02
5.995414732710399597e-02
5.555570817512221066e-02
5.003442789521994616e-02
4.374547949877936881e-02
3.717837565421868579e-02
3.088734189565116653e-02
2.537526214053964502e-02
2.098087567128346237e-02
1.782324929548793208e-02
1.582166801931467887e-02
1.476560198839071969e-02
1.439332754156367501e-02
1.445065012123223150e-02
1.472215554809801555e-02
1.504077828549781753e-02
1.528505945515672843e-02
1.537168957201282514e-02
1.524788967536095698e-02
1.488572859932613297e-02
1.427889782856964045e-02
1.344148619530394911e-02
1.240761768961956731e-02
1.123035647310197463e-02
9.978221938439949673e-03
8.728289597708716041e-03
7.556257125248488048e-03
6.525542081234469299e-03
5.678471701620079783e-03
5.032142621685311602e-03
4.579736622905387043e-03
4.296062959045938816e-03
4.144978424807571615e-03
4.086449761547078681e-03
4.081913520966185503e-03
4.097576734486581274e-03
4.105964446529220858e-03
4.086281434124250204e-03
4.024134723218913967e-03
3.911011641994298696e-03
3.743729282531367119e-03
3.523916449916174396e-03
3.257478301536850026e-03
2.953936364239662625e-03
2.625539804784688628e-03
2.286108049963645437e-03
1.949672200364334883e-03
1.629092032867269623e-03
1.334884806860424985e-03
1.074476590727568848e-03
8.519824462096292931e-04
6.684846244445464235e-04
5.226662035613192491e-04
4.116085547803804284e-04
3.315762657179248071e-04
2.786680499690073211e-04
2.492760439847488841e-04
2.403473111308261753e-04
2.494725567298268303e-04
2.748403354998216544e-04
3.150970485992820105e-04
3.691503072751195751e-04
4.359500058891259367e-04
5.142791336483140685e-04
6.025840996126718193e-04
6.988700392000037932e-04
8.006782417490439403e-04
9.051500459511700259e-04
1.009166183725542301e-03
1.109536478205079644e-03
1.203206284882461655e-03
1.287445741193022665e-03
1.359995453426208166e-03
1.419154664822696189e-03
1.463810974292247859e-03
1.493420716639315242e-03
1.507954392908498207e-03
1.507822195388097870e-03
1.493792104721652003e-03
1.466909031749681191e-03
1.428419557262851532e-03
1.379703957046684226e-03
1.322215782288258109e-03
1.257429227430208142e-03
1.186795458687576891e-03
1.111710389982610786e-03
1.033497398368997270e-03
9.534085738803912231e-04
8.726469644566125887e-04
7.924099576190559878e-04
7.139508864460954347e-04
6.386528641191143406e-04
5.681064537497099772e-04
5.041815467541387388e-04
4.490838657808414111e-04
4.053876090449373129e-04
3.760375283027745383e-04
3.643158321693194942e-04
3.737715522042251728e-04
4.081124276227083734e-04
4.710621140727528277e-04
5.661887548209391724e-04
6.967146602053201796e-04
8.653207315980746992e-04
1.073962718871992886e-03
1.323718532644043442e-03
1.614685692702238487e-03
1.945944857310780325e-03
2.315599067083525149e-03
2.720889445524791311e-03
3.158377997635296829e-03
3.624178719095422132e-03
4.114211373613725457e-03
4.624449394988254004e-03
5.151134889721297426e-03
5.690939120006102171e-03
6.241054831264144544e-03
6.799215720505430438e-03
7.363646723759419317e-03
7.932955593649548137e-03
8.505980970661072144e-03
9.081614834686956711e-03
9.658618152346736679e-03
1.023544807734130639e-02
1.081011350051859325e-02
1.138007322637301852e-02
1.194218760766713357e-02
1.249273012240706762e-02
1.302746025552956738e-02
1.354175347344250407e-02
1.403077859002515443e-02
1.448970810413043910e-02
1.491394383575704412e-02
1.529933892920223165e-02
1.564239823839849025e-02
1.594044208570482429e-02
1.619172285965232022e-02
1.639548913229012250e-02
1.655199712791968758e-02
1.666247378088794862e-02
1.672903883937650743e-02
1.675459534209817677e-02
1.674269839877529781e-02
1.669741179411060941e-02
1.662316083495595301e-02
1.652458839342944505e-02
1.640641952940412318e-02
1.627333858786890117e-02
1.612988136358768643e-02
1.598034384557661322e-02
1.582870819154058584e-02
1.567858590839468769e-02
1.553317769271453722e-02
1.539524898069594833e-02
1.526711994525330185e-02
1.515066844158124808e-02
1.504734423269474264e-02
1.495819271874665804e-02
1.488388634579267469e-02
1.482476187820479067e-02
1.478086177944302332e-02
1.475197805158723514e-02
1.473769702639477278e-02
1.473744377030733466e-02
1.475052495339597772e-02
1.477616922891006844e-02
1.481356436787983726e-02
1.486189058478059981e-02
1.492034966866470289e-02
1.498818969282449121e-02
1.506472520907458680e-02
1.514935293580626889e-02
1.524156302052709355e-02
1.534094600010059602e-02
1.544719560246880265e-02
1.556010754372877218e-02
1.567957448829536762e-02
1.580557737186112643e-02
1.593817334823025011e-02
1.607748071709388590e-02
1.622366131783855789e-02
1.637690102398822387e-02
1.653738912699477190e-02
1.670529753655579375e-02
1.688076082728286534e-02
1.706385821140760442e-02
1.725459850262819547e-02
1.745290905163534440e-02
1.765862947962184432e-02
1.787151081740441169e-02
1.809122038373480942e-02
1.831735241908570566e-02
1.854944414549067333e-02
1.878699656641618157e-02
1.902949897338140212e-02
1.927645581083711757e-02
1.952741429204614756e-02
1.978199098088960495e-02
2.003989548010423963e-02
2.030094941313212789e-02
2.056509906474663155e-02
2.083242035524098673e-02
2.110311525327202703e-02
2.137749926108806903e-02
2.165598020055280529e-02
2.193902914980020227e-02
2.222714498593966401e-02
2.252081453698471722e-02
2.282047079774421686e-02
2.312645198678111094e-02
2.343896438729803702e-02
2.375805190158808422e-02
2.408357503889912987e-02
2.441520163837189103e-02
2.475241099930360414e-02
2.509451226175224425e-02
2.544067688310347464e-02
2.578998394746093506e-02
2.614147590762919138e-02
2.649422129870925013e-02
2.684738009330437519e-02
2.720026680093086402e-02
2.755240623484780590e-02
2.790357712495269635e-02
2.825383944331091510e-02
2.860354237709841069e-02
2.895331123879895524e-02
2.930401312648800091e-02
2.965670271243716835e-02
3.001255103137281943e-02
3.037276146829502588e-02
3.073847824383054567e-02
3.111069351808047265e-02
3.149015974773684834e-02
3.187731409932072213e-02
3.227222149487180003e-02
3.267454218357263018e-02
3.308352853091002521e-02
3.349805395718095935e-02
3.391667465802739728e-02
3.433772200913947498e-02
3.475942061094322577e-02
3.518002408191660962e-02
3.559795833558216521e-02
3.601196054183982559e-02
3.642120155592337705e-02
3.682538041982297283e-02
3.722478153435049980e-02
3.762028802208995659e-02
3.801334829015429878e-02
3.840589645850715772e-02
3.880023079308271561e-02
3.919885732808759543e-02
3.960430836263361537e-02
4.001894746663259284e-02
4.044477408085371539e-02
4.088324178537932480e-02
4.133510479760707512e-02
4.180030707902183951e-02
4.227792728599455430e-02
4.276619033469928471e-02
4.326255225957340023e-02
4.376385924212313622e-02
4.426657446050049488e-02
4.476705850562992528e-02
4.526188167429645581e-02
4.574814081651040754e-02
