1.052479287133111230e+00
1.050716753644995727e+00
1.047726392556136421e+00
1.043431099961836139e+00
1.037727229657813277e+00
1.030489081046064515e+00
1.021574877682472682e+00
1.010834289612580816e+00
9.981174582661012096e-01
9.832853381846133889e-01
9.662209812090095662e-01
9.468411717240003966e-01
9.251076031074862982e-01
9.010366030291748762e-01
8.747063122944140900e-01
8.462602403677771390e-01
8.159062896644706520e-01
7.839106655109953081e-01
7.505865438660308531e-01
7.162778994446655778e-01
6.813394304220621311e-01
6.461139846701960954e-01
6.109092599993173334e-01
5.759758338804232825e-01
5.414888516542256669e-01
5.075360714277692420e-01
4.741154815093382435e-01
4.411462168268245887e-01
4.084964276631496416e-01
3.760299656135250301e-01
3.436688613571740603e-01
3.114601454212838627e-01
2.796261657091684838e-01
2.485737841046231911e-01
2.188471280980162359e-01
1.910313175133559749e-01
1.656388823171806857e-01
1.430193244228283866e-01
1.233188579552706998e-01
1.064923546323829490e-01
9.234991000747837242e-02
8.061493388057081044e-02
7.097636284922477501e-02
6.312687275419699706e-02
5.678631447813651395e-02
5.171338355349472393e-02
4.770953029642507198e-02
4.461867092040520261e-02
4.232539437745285599e-02
4.075362278233351371e-02
3.986730582338696149e-02
3.967481572046226146e-02
4.023937291265781979e-02
4.169923978568972761e-02
4.430350485536586891e-02
4.846978577132761423e-02
5.485403543253500325e-02
6.430936469460891980e-02
7.704996654309950732e-02
8.873249558210972998e-02
8.492729353810417325e-02
5.998948165080042472e-02
3.469210769619472667e-02
1.977621927951669911e-02
1.234611801519672723e-02
8.752681142808997269e-03
7.022198838209093609e-03
6.217856001464552342e-03
5.894958399361556467e-03
5.836264349959312259e-03
5.933124323899669796e-03
6.131549369039190726e-03
6.407095956057161194e-03
6.753112364566397387e-03
7.175702411528219436e-03
7.692624746808073184e-03
8.335221268214062368e-03
9.153576792132543660e-03
1.022580005100589239e-02
1.167157641772686820e-02
1.366126495869499947e-02
1.636152391264263095e-02
1.954249669375725945e-02
2.121776093830555696e-02
1.747949754769168723e-02
1.002606502813943590e-02
4.592781619315064283e-03
1.923299356966903578e-03
7.629879394232210897e-04
2.823590350520123840e-04
9.959001934075457051e-05
4.991526449327812867e-05
6.486619067710114154e-05
1.221648317433361968e-04
2.278073968527339255e-04
4.145492828162806532e-04
7.534177230462872719e-04
1.382837901488916544e-03
2.567331434435825809e-03
4.797897170303374453e-03
8.884157473160712165e-03
1.566278033255643840e-02
2.440032333271844114e-02
3.114593457723458317e-02
3.267843373893270648e-02
3.051976073583151719e-02
2.737767716685694797e-02
2.455672486940328400e-02
2.236614118917653465e-02
2.077099409342658687e-02
1.966692989610869385e-02
1.895954955577197620e-02
1.857896888116908687e-02
1.847665786299866608e-02
1.861795081779403505e-02
1.897262697667932360e-02
1.950244724130686599e-02
2.014379929447527098e-02
2.078587384632357357e-02
2.125304745639624432e-02
2.131533213170403243e-02
2.075760156928308647e-02
1.949927631803960101e-02
1.767429350768500579e-02
1.557583803146623744e-02
1.350594371150444679e-02
1.166263957646816729e-02
1.012281504894992253e-02
8.881259035378731917e-03
7.894587441080418502e-03
7.109475688230144398e-03
6.475858786435316310e-03
5.951197465049269143e-03
5.500668901103911330e-03
5.096014192018424004e-03
4.714369648953727066e-03
4.337706252452041243e-03
3.953167149449708304e-03
3.554321608376579192e-03
3.142926539378069865e-03
2.730175771789528603e-03
2.335977907387851420e-03
1.985236361325918436e-03
1.701743302821756955e-03
1.502169156700493323e-03
1.392931356414594700e-03
1.370945495903068542e-03
1.427023075229750951e-03
1.549799035276452257e-03
1.728681228714085789e-03
1.955369184830706066e-03
2.224175314266203449e-03
2.531570793473783554e-03
2.875291691488578508e-03
3.253195614917798930e-03
3.661965398916639837e-03
4.095747700595387536e-03
4.544888002383385556e-03
4.995050239299540264e-03
5.427120993101199921e-03
5.818284938839954519e-03
6.144413482864187481e-03
6.383433636872139216e-03
6.518836894314965040e-03
6.542277606824314744e-03
6.454508232801574319e-03
6.264574565601634289e-03
5.987846578820021221e-03
5.643741989161438384e-03
5.253858146355152962e-03
4.840859745230012556e-03
4.428107738074044293e-03
4.039780741117265407e-03
3.701139171434855452e-03
3.438568105326910741e-03
3.279068775328260361e-03
3.248943304211424511e-03
3.371551346855981846e-03
3.664232949550616861e-03
4.134783085943737752e-03
4.778166654188542237e-03
5.574353758444482339e-03
6.488093107374305960e-03
7.471058950760224061e-03
8.466190935034185669e-03
9.413431881114106906e-03
1.025572065281102514e-02
1.094415240469891019e-02
1.144160919693042698e-02
1.172468047143525142e-02
1.178411937550291090e-02
1.162429988439877063e-02
1.126215019342135734e-02
1.072591010818614576e-02
1.005387866920082196e-02
9.293147932396878322e-03
8.498197982334821862e-03
7.729175770872726350e-03
7.049703852205773877e-03
6.524162686063651219e-03
6.214546081168315604e-03
6.177168041779177582e-03
6.459646564466067081e-03
7.098646497403869084e-03
8.118789435505155763e-03
9.532936819204716750e-03
1.134377588568331527e-02
1.354637126527057089e-02
1.613116752020533201e-02
1.908688157456440646e-02
2.240280081539924167e-02
2.607015804527577571e-02
3.008243352983274582e-02
3.443459517014664517e-02
3.912141160123628475e-02
4.413506126083963088e-02
4.946232454412433782e-02
5.508169612008956273e-02
6.096079142047051980e-02
6.705443503151409246e-02
7.330379114757433479e-02
7.963680967847887315e-02
8.597010947128956582e-02
9.221221607677529408e-02
9.826785184327896383e-02
1.040427920494682162e-01
1.094487018065235379e-01
1.144073835022254293e-01
1.188539898726339999e-01
1.227389579676535503e-01
1.260286409288094989e-01
1.287048055037807448e-01
1.307632885845363691e-01
1.322121544508108038e-01
1.330696751559683200e-01
1.333623909327325274e-01
1.331234196580164120e-01
1.323910945607941758e-01
1.312079312800734088e-01
1.296198666740032701e-01
1.276756754985846898e-01
1.254264574244690622e-01
1.229250941921964657e-01
1.202256017007972549e-01
1.173823392997513509e-01
1.144490814846525484e-01
1.114779974197100398e-01
1.085186133949424120e-01
1.056168468121335413e-01
1.028141955910489569e-01
1.001471461800696600e-01
9.764683225365657082e-02
9.533894200437346977e-02
9.324384170814495332e-02
9.137686206801864941e-02
8.974868415582018533e-02
8.836576341872490192e-02
8.723074112884741937e-02
8.634280970195440386e-02
8.569801805767612857e-02
8.528952238328786628e-02
8.510780349784610732e-02
8.514088230870854590e-02
8.537456818562666472e-02
8.579277096751491971e-02
8.637789639213573623e-02
8.711132879005192842e-02
8.797398669310074748e-02
8.894691990539499438e-02
9.001190379925176621e-02
9.115198055440243419e-02
9.235189884249500603e-02
9.359841261710356852e-02
9.488041440282417305e-02
9.618889614818887379e-02
9.751674848649186100e-02
9.885842469827549328e-02
1.002095071186532849e-01
1.015662203948753256e-01
1.029249378666219628e-01
1.042817249523965845e-01
1.056319576080644862e-01
1.069700455881081036e-01
1.082892802580781993e-01
1.095818158743306070e-01
1.108387823038052972e-01
1.120505168188724310e-01
1.132068935784108360e-01
1.142977223698934536e-01
1.153131837081151773e-01
1.162442658358847913e-01
1.170831706352648410e-01
1.178236596832471089e-01
1.184613180991783976e-01
1.189937216186467139e-01
1.194205005693792787e-01
1.197433022444917561e-01
1.199656598715743011e-01
1.200927815285404571e-01
1.201312758048408424e-01
1.200888328347380629e-01
1.199738797823352160e-01
1.197952292469691010e-01
1.195617376794740616e-01
1.192819889858446059e-01
1.189640161932736945e-01
1.186150714437549242e-01
1.182414517069917126e-01
1.178483845172351302e-01
1.174399748263484783e-01
1.170192108704044276e-01
1.165880239601444629e-01
1.161473945396475915e-01
1.156974949093478727e-01
1.152378578196577713e-01
1.147675597634631589e-01
1.142854081839198843e-01
1.137901228325552683e-01
1.132805029646774819e-01
1.127555737268457758e-01
1.122147067783758057e-01
1.116577117542533887e-01
1.110848965518720088e-01
1.104970956122400538e-01
1.098956664257512567e-01
1.092824555069950854e-01
1.086597361286178176e-01
1.080301212204475697e-01
1.073964560103753824e-01
1.067616961305536405e-01
1.061287779094252093e-01
1.055004882655013465e-01
1.048793418703363872e-01
1.042674729570602782e-01
1.036665482889000539e-01
1.030777064235865181e-01
1.025015266445790246e-01
1.019380289609511520e-01
1.013867046036599634e-01
1.008465746453221096e-01
1.003162728715246421e-01
9.979414789627809312e-02
9.927837874092421133e-02
9.876709763710281309e-02
9.825851360352894082e-02
9.775103032610618636e-02
9.724335201589998090e-02
9.673457124713494282e-02
9.622423334418658825e-02
9.571237277082786377e-02
9.519951824867511903e-02
9.468666502765391013e-02
9.417521481359844571e-02
9.366688620448986036e-02
9.316360088973210662e-02
9.266735305708335979e-02
9.218007114313900296e-02
9.170348200807935946e-02
9.123898765927870858e-02
9.078756376589965094e-02
9.034968750916320956e-02
8.992530002358663233e-02
8.951380608731833444e-02
8.911411109843708767e-02
8.872469295697209268e-02
8.834370439858171831e-02
8.796909964009155813e-02
8.759877787206843403e-02
8.723073510988911539e-02
8.686321514724902604e-02
8.649484985301050810e-02
8.612477889647686402e-02
8.575273933054090858e-02
8.537911649807747305e-02
8.500494962711611924e-02
8.463188832750365154e-02
8.426209992136568516e-02
8.389813185703812182e-02
8.354273790318217374e-02
8.319868079888367851e-02
8.286852693659629843e-02
8.255444999591157740e-02
8.225805999591273565e-02
8.198027207333129229e-02
8.172122579411733589e-02
8.148026152737039562e-02
8.125595595464249477e-02
8.104621465378179790e-02
8.084841618280862174e-02
8.065959926427251903e-02
8.047668241591526828e-02
8.029670347609529912e-02
8.011706474301630299e-02
7.993576782821847082e-02
7.975162097323028332e-02
7.956440088473644423e-02
7.937495168494669573e-02
7.918520597698894270e-02
7.899811776026802179e-02
7.881750407507215339e-02
7.864780130741644282e-02
7.849375191568284948e-02
7.836004635907725668e-02
