1.218944422547952211e+00
1.219527465211925010e+00
1.220473966134268506e+00
1.221746147158765394e+00
1.223291454254583188e+00
1.225043296453775410e+00
1.226922524262388237e+00
1.228839962038948297e+00
1.230700292150868069e+00
1.232407525251156821e+00
1.233872176833684220e+00
1.235020104927630813e+00
1.235802752551401928e+00
1.236208293927897994e+00
1.236272925800054212e+00
1.236091300145906180e+00
1.235824887099521652e+00
1.235706901840226024e+00
1.236042321353472140e+00
1.237201424257259541e+00
1.239605153704311791e+00
1.243700371224359724e+00
1.249922724478510716e+00
1.258644510250570114e+00
1.270104951917596869e+00
1.284321528453586048e+00
1.300984730715963877e+00
1.319346596239231451e+00
1.338126759959848977e+00
1.355476970917362856e+00
1.369058420875402859e+00
1.376280430826291035e+00
1.374706918035071057e+00
1.362557726680489578e+00
1.339150375120780279e+00
1.305107157410396734e+00
1.262232522404633572e+00
1.213109940965704681e+00
1.160581592272291740e+00
1.107289349887936813e+00
1.055384279839927997e+00
1.006419119063666878e+00
9.613772650073841852e-01
9.207749510598632892e-01
8.847850097625702404e-01
8.533512157980208679e-01
8.262797644217098059e-01
8.033053135559098390e-01
7.841339231101046581e-01
7.684659932857640374e-01
7.560001643556667483e-01
7.464138989568317450e-01
7.393054522925271987e-01
7.340571006523440856e-01
7.295191065066891634e-01
7.232599617540500514e-01
7.097373950574406010e-01
6.759024869848622163e-01
5.925781215528903578e-01
4.141517496918638574e-01
1.601778853887053378e-01
1.401196482530172975e-02
4.030536955378570541e-02
1.263590360959339909e-01
2.067249441874875471e-01
2.692428534873133605e-01
3.164925560254035486e-01
3.526870195573226785e-01
3.811380204809962091e-01
4.041509339946855461e-01
4.232941342144097008e-01
4.396387617439882489e-01
4.539208680922048322e-01
4.666399770773533850e-01
4.781093458373714133e-01
4.884626352838058461e-01
4.976056020072886499e-01
5.050724352739905942e-01
5.096824588252191202e-01
5.087397817326182459e-01
4.961660620682614709e-01
4.584356286651725121e-01
3.691657315009200802e-01
2.056297353616894918e-01
4.448461721830033327e-02
2.990547102804527388e-02
1.169836784921110678e-01
2.110951762584828972e-01
2.861116920962876176e-01
3.441016683708501001e-01
3.909150774789290073e-01
4.312704121178841943e-01
4.685942322247375613e-01
5.055114821617393561e-01
5.442676230241244584e-01
5.870163073960898981e-01
6.359601083376568154e-01
6.932068821918584423e-01
7.598323292196867973e-01
8.326635203842589483e-01
8.954696964524578862e-01
9.030110953766367077e-01
7.853503480130828995e-01
5.391785732847634849e-01
2.880949120242940475e-01
1.273613684338449903e-01
5.067349148289921473e-02
2.237571321644635583e-02
1.729020779830949678e-02
2.230154299417133612e-02
3.116757245520528075e-02
4.098674598372824274e-02
5.040392406818978294e-02
5.875316742234976825e-02
6.564128613000962120e-02
7.073230498793751930e-02
7.362857584363075025e-02
7.381862703928132596e-02
7.071661396461843829e-02
6.386063762169617852e-02
5.331532776669278828e-02
4.013261213997618149e-02
2.641380652400935822e-02
1.458631089182617704e-02
6.299357487452908119e-03
1.883797953422311792e-03
6.716405346541142081e-04
1.637517250815540872e-03
3.846657393334116867e-03
6.614767208817201941e-03
9.498833554346542557e-03
1.223278383890012699e-02
1.466329230065846305e-02
1.670191997734162340e-02
1.829391357570912813e-02
1.940021633829380407e-02
1.998984525691376371e-02
2.004120527454180192e-02
1.955148473504817602e-02
1.855192710230246442e-02
1.712317409602187590e-02
1.540088286226320123e-02
1.356218839635594045e-02
1.179232946094505366e-02
1.024409482316984352e-02
9.009025867279175925e-03
8.111642402303675253e-03
7.523609839827675831e-03
7.186204776989029396e-03
7.030546072392803922e-03
6.990840543664477054e-03
7.010745502168187759e-03
7.045036583510400768e-03
7.058873270196124386e-03
7.026299298917129503e-03
6.928918569561569839e-03
6.755170616035880739e-03
6.500269611113497839e-03
6.166587166204060347e-03
5.764015427444772223e-03
5.309694513776921400e-03
4.826550927536191714e-03
4.340467981657877145e-03
3.876517210045237610e-03
3.455215365288870095e-03
3.089878748424637698e-03
2.785722171616909944e-03
2.540659073677291931e-03
2.347214155941280099e-03
2.194795706092882766e-03
2.071741417200317036e-03
1.966848088473712938e-03
1.870349106348138295e-03
1.774444082874107988e-03
1.673522949231261939e-03
1.564202739286243331e-03
1.445246826302610610e-03
1.317388263430565188e-03
1.183045673412473327e-03
1.045910527810873288e-03
9.104023217784743514e-04
7.810287682334347836e-04
6.617364203562528524e-04
5.553694581966070682e-04
4.633495574026462818e-04
3.856428011769271066e-04
3.210075061414569778e-04
2.674497590994142477e-04
2.227767941885937914e-04
1.851393848978786962e-04
1.534824133075858880e-04
1.278591725491967971e-04
1.095945947360726133e-04
1.012990283175829183e-04
1.067389369557394149e-04
1.305698740354408415e-04
1.779371516439067695e-04
2.539562284343168243e-04
3.631005830048973865e-04
5.085483706904565717e-04
6.915646321694880706e-04
9.110136234867242857e-04
1.163095442748454276e-03
1.441375806496854707e-03
1.737129286536769155e-03
2.039956260501322224e-03
2.338580389550756495e-03
2.621703536968386823e-03
2.878796801533345644e-03
3.100735974275231101e-03
3.280234443463338461e-03
3.412071134298406624e-03
3.493143967873186748e-03
3.522395709875873141e-03
3.500660188501069844e-03
3.430467487083805993e-03
3.315832564244809190e-03
3.162037708036071100e-03
2.975408669443389310e-03
2.763079078019147882e-03
2.532738267998491978e-03
2.292363128520021401e-03
2.049943084963375996e-03
1.813216011392736670e-03
1.589438711533355548e-03
1.385216171918174019e-03
1.206408168914542903e-03
1.058120996330734129e-03
9.447786750914294405e-04
8.702552883805486162e-04
8.380408727265370537e-04
8.514091303622203875e-04
9.135561843189865527e-04
1.027684662329966542e-03
1.197015124383819058e-03
1.424715943360553528e-03
1.713752339393702188e-03
2.066664873707844529e-03
2.485296969479211006e-03
2.970499400692854907e-03
3.521846236125099859e-03
4.137400128382039653e-03
4.813563686860326298e-03
5.545046960353837776e-03
6.324968727673309886e-03
7.145092636732874349e-03
7.996180848038315220e-03
8.868431144474369504e-03
9.751951808506287983e-03
1.063722424666886310e-02
1.151550696479588728e-02
1.237914486247032771e-02
1.322176237726710619e-02
1.403833470589755175e-02
1.482514542282269143e-02
1.557964947380483835e-02
1.630026700155752864e-02
1.698613595876088261e-02
1.763685075999117668e-02
1.825221130129252647e-02
1.883200242953557077e-02
1.937581903268196376e-02
1.988294675484789456e-02
2.035230314909866611e-02
2.078243903326535205e-02
2.117159510636801995e-02
2.151780478612473277e-02
2.181903106715538457e-02
2.207332328332125768e-02
2.227897918270623986e-02
2.243469869624544616e-02
2.253971798793826323e-02
2.259391541801014300e-02
2.259788443424832344e-02
2.255297164640427190e-02
2.246128105776526093e-02
2.232564741611058404e-02
2.214958286594872691e-02
2.193720163679250754e-02
2.169312757071260173e-02
2.142238907855420482e-02
2.113030579093552394e-02
2.082237085299136134e-02
2.050413255138019281e-02
2.018107875290765449e-02
1.985852743352321120e-02
1.954152632682013696e-02
1.923476437083987411e-02
1.894249715095269390e-02
1.866848792513301283e-02
1.841596510738773007e-02
1.818759633144132262e-02
1.798547848918896977e-02
1.781114250532849289e-02
1.766557112571854465e-02
1.754922769424815607e-02
1.746209377658056866e-02
1.740371353959890496e-02
1.737324297496086259e-02
1.736950231643404757e-02
1.739103029520738808e-02
1.743613916253403465e-02
1.750296965212483000e-02
1.758954523418687979e-02
1.769382511806454061e-02
1.781375548949165610e-02
1.794731842774519026e-02
1.809257785085467002e-02
1.824772170373683416e-02
1.841109946170230161e-02
1.858125390291333334e-02
1.875694604376355878e-02
1.893717216488742527e-02
1.912117200900998945e-02
1.930842751758574463e-02
1.949865188487837422e-02
1.969176921911319419e-02
1.988788566583743825e-02
2.008725341202586764e-02
2.029022949100999992e-02
2.049723169432362754e-02
2.070869412704183163e-02
2.092502499622961656e-02
2.114656909460830778e-02
2.137357714681131782e-02
2.160618374906536285e-02
2.184439508766710530e-02
2.208808700363620522e-02
2.233701331780713062e-02
2.259082367964936749e-02
2.284908959102838893e-02
2.311133671893737113e-02
2.337708118338626198e-02
2.364586721929435101e-02
2.391730348971989051e-02
2.419109538847406121e-02
2.446707091761123401e-02
2.474519814985899624e-02
2.502559286333185321e-02
2.530851562762586465e-02
2.559435837761735860e-02
2.588362127874885982e-02
2.617688140923889184e-02
2.647475540889095147e-02
2.677785872799240408e-02
2.708676442105007257e-02
2.740196454791286526e-02
2.772383715863323966e-02
2.805262154648848621e-02
2.838840396260083887e-02
2.873111531137241548e-02
2.908054151605148074e-02
2.943634630039232772e-02
2.979810513466289723e-02
3.016534811733819280e-02
3.053760869413179105e-02
3.091447444215851201e-02
3.129563574767380701e-02
3.168092813747355047e-02
3.207036431089419631e-02
3.246415254928731314e-02
3.286269910578092784e-02
3.326659332629671589e-02
3.367657553373095553e-02
3.409348902829122119e-02
3.451821883222829651e-02
3.495162096271782481e-02
3.539444699108884596e-02
3.584726938637427390e-02
3.631041359367238180e-02
3.678390290470423540e-02
3.726742187360995717e-02
3.776030324887504064e-02
3.826154208177377086e-02
3.876983882361881295e-02
3.928367089944569124e-02
3.980138959795594816e-02
4.032133639682250470e-02
4.084197037429693200e-02
4.136199649273782086e-02
4.188048358366935203e-02
4.239696100972747961e-02
4.291148425633475177e-02
4.342466197271448863e-02
4.393763995724945387e-02
4.445204091477188840e-02
4.496986216056646224e-02
4.549333654065831900e-02
4.602476452419837494e-02
4.656632765299049265e-02
4.711989532640331602e-02
4.768683828785139078e-02
4.826786313582189653e-02
4.886288257432497284e-02
4.947093568114090123e-02
5.009017084474042675e-02
5.071790082858430165e-02
5.135073442444500202e-02
5.198478241583100179e-02
5.261592758993480917e-02
5.324014028785308689e-02
5.385381379776695010e-02
5.445408917015006484e-02
