1.216084426126184059e+00
1.216545846538269027e+00
1.217288748845796187e+00
1.218274036348786282e+00
1.219447355850402426e+00
1.220739881161692741e+00
1.222069844210694978e+00
1.223345122570201671e+00
1.224467172295996331e+00
1.225336527737503234e+00
1.225859971971512863e+00
1.225959312988364358e+00
1.225581487748026444e+00
1.224709472242455188e+00
1.223373222045159192e+00
1.221659631029309301e+00
1.219720301645755622e+00
1.217775783993625849e+00
1.216114858686050848e+00
1.215087380158023533e+00
1.215089110488656532e+00
1.216536805817353351e+00
1.219831560123980196e+00
1.225308182785280309e+00
1.233168552109754845e+00
1.243398204602011337e+00
1.255669128985283711e+00
1.269239367297409160e+00
1.282872505523791062e+00
1.294815689136966652e+00
1.302885971856241998e+00
1.304707227287553506e+00
1.298098314163714129e+00
1.281538589157480867e+00
1.254563637211260074e+00
1.217930865648674255e+00
1.173475087933139926e+00
1.123710280932339822e+00
1.071336010284561269e+00
1.018814532752186697e+00
9.681133738828880952e-01
9.206207371326646793e-01
8.771860817488350559e-01
8.382250046481583006e-01
8.038403637696508452e-01
7.739316756661321905e-01
7.482813854349322780e-01
7.266165999446634327e-01
7.086492423546532082e-01
6.940981840846278672e-01
6.826949746957754472e-01
6.741702403687079848e-01
6.682083696784707483e-01
6.643366910644681322e-01
6.616625840732281993e-01
6.582350634223037567e-01
6.494508239929680515e-01
6.241173440811963458e-01
5.563505036471974030e-01
4.033258733395926887e-01
1.751940206145835843e-01
3.246808547489460350e-02
4.322029960337019083e-02
1.124600890095264621e-01
1.804208873763107623e-01
2.344323119588530568e-01
2.758013179936791848e-01
3.078133095865918656e-01
3.331998921715921269e-01
3.539121157500106363e-01
3.713011160974818425e-01
3.863053173198491286e-01
3.995833664668007601e-01
4.115977299385479293e-01
4.226595695221576077e-01
4.329382835144617303e-01
4.424261027305768090e-01
4.508234612471830327e-01
4.572547837471719334e-01
4.595857506404965598e-01
4.527785449853320432e-01
4.251433887342589979e-01
3.526269146509141694e-01
2.104749606982090071e-01
5.825378760730615807e-02
2.840398652921972619e-02
9.380119188283106424e-02
1.717133151542003522e-01
2.360017245339374736e-01
2.866387893937582532e-01
3.279788332004702767e-01
3.638545386417441074e-01
3.971599883714821977e-01
4.301724353754839414e-01
4.648836690999191834e-01
5.032441740833173416e-01
5.472971492067448818e-01
5.990818940624224043e-01
6.598646239441798844e-01
7.273852092546043702e-01
7.881053490164481312e-01
8.026392145025659230e-01
7.077418212481469961e-01
4.958648668768126377e-01
2.735230115808492402e-01
1.274679463962787307e-01
5.522292652870644525e-02
2.649462137723384431e-02
1.917893215639394217e-02
2.153216625907169654e-02
2.786171557190381468e-02
3.546746504928045135e-02
4.305922688944293503e-02
4.999028337176981973e-02
5.588047576179662468e-02
6.041837464425808130e-02
6.324882596191343243e-02
6.391653146007539310e-02
6.188418041188854801e-02
5.668351869383994601e-02
4.824832158835175300e-02
3.732589829848978469e-02
2.559002032022096584e-02
1.509267454937947978e-02
7.334536220852998223e-03
2.745801898968446529e-03
8.878693098398198228e-04
9.676200681657144828e-04
2.223269392111730178e-03
4.077825599756267419e-03
6.146462524252925032e-03
8.191052233795808116e-03
1.007010012063646459e-02
1.169975435945567327e-02
1.302746855854528506e-02
1.401603230307527960e-02
1.463577361152333493e-02
1.486377208325489856e-02
1.468950467601153574e-02
1.412557815611664713e-02
1.321967985894220189e-02
1.206072062303640592e-02
1.077172554007200383e-02
9.487676636023100948e-03
8.326248046838735650e-03
7.364992731303829018e-03
6.634206628592852380e-03
6.124632893926775130e-03
5.802347906560874347e-03
5.623161961704756413e-03
5.542635784293381725e-03
5.521327929318582510e-03
5.526576931717478401e-03
5.532367685165933378e-03
5.518460201919376390e-03
5.469502307824054659e-03
5.374493892722808155e-03
5.226720816983177961e-03
5.024077971749134341e-03
4.769518615947865997e-03
4.471223442328695237e-03
4.142060093004160289e-03
3.798089397236687707e-03
3.456257672721309553e-03
3.131821793593224899e-03
2.836233035148534327e-03
2.576027911615216305e-03
2.352855856384512834e-03
2.164376216354442148e-03
2.005573254933030927e-03
1.870081459486380151e-03
1.751275952705218372e-03
1.643047734271041449e-03
1.540290166098139514e-03
1.439165247489049065e-03
1.337215736526958017e-03
1.233365494517931100e-03
1.127823374322580114e-03
1.021887301546669331e-03
9.176422377721539427e-04
8.175612457363863866e-04
7.240489828491216730e-04
6.389995438402069298e-04
5.634583685279484716e-04
4.974670181136387620e-04
4.401291263248169675e-04
3.898806596280608868e-04
3.449004523733258999e-04
3.035748221955502811e-04
2.649355872270753396e-04
2.290139117749932047e-04
1.970787316730941545e-04
1.717475041323905172e-04
1.569652687931727365e-04
1.578481002979097180e-04
1.803847272471158670e-04
2.309916675908987654e-04
3.159276526439497063e-04
4.405945705907344818e-04
6.087826831609643085e-04
8.219504149407004003e-04
1.078652127577060284e-03
1.374228341113112708e-03
1.700843639988568927e-03
2.047899836682502955e-03
2.402779744314858298e-03
2.751811911913930059e-03
3.081309458565816787e-03
3.378536840015307872e-03
3.632492821533207534e-03
3.834450968205431725e-03
3.978252311002062475e-03
4.060384538696247547e-03
4.079902088235426612e-03
4.038243203013499628e-03
3.938989116635832448e-03
3.787593904789149108e-03
3.591097205177515295e-03
3.357820093512118263e-03
3.097039152565422750e-03
2.818635627384627213e-03
2.532724319975504512e-03
2.249277866355293108e-03
1.977772554288404275e-03
1.726888017709284767e-03
1.504292140565098579e-03
1.316533559320189062e-03
1.169049002684421608e-03
1.066275027650815006e-03
1.011837810331307069e-03
1.008783985377378076e-03
1.059811730329306709e-03
1.167464043637745762e-03
1.334253809755138681e-03
1.562700691467605379e-03
1.855271368742657419e-03
2.214226046850524890e-03
2.641384957752757404e-03
3.137838487040686426e-03
3.703633122437669390e-03
4.337471767890156704e-03
5.036469813137978840e-03
5.796006295339398151e-03
6.609701565971167446e-03
7.469539129034302206e-03
8.366131202701191510e-03
9.289107907704026099e-03
1.022759244805629755e-02
1.117071272862540064e-02
1.210809589794316875e-02
1.303029682218236583e-02
1.392912307587537875e-02
1.479783487302571872e-02
1.563121515554150714e-02
1.642551989916797225e-02
1.717832968613837788e-02
1.788833000817770941e-02
1.855504988429731994e-02
1.917858710360347690e-02
1.975934484199123181e-02
2.029779956188291351e-02
2.079431473717713655e-02
2.124900952424450123e-02
2.166168629010192456e-02
2.203181607619339802e-02
2.235857677793077689e-02
2.264093525269331164e-02
2.287776195844966332e-02
2.306796527274633524e-02
2.321063245115279061e-02
2.330516520387400717e-02
2.335139987660452693e-02
2.334970485834208728e-02
2.330105068567966953e-02
2.320705097994886154e-02
2.306997455453764154e-02
2.289273062274142789e-02
2.267883002193089165e-02
2.243232585529915390e-02
2.215773710093894844e-02
2.185995871581207853e-02
2.154416169974087900e-02
2.121568655569771450e-02
2.087993360200820006e-02
2.054225362647595782e-02
2.020784236060129205e-02
1.988164212691855698e-02
1.956825372135823776e-02
1.927186111201496105e-02
1.899617087871937823e-02
1.874436753245937309e-02
1.851908501433855228e-02
1.832239386672082290e-02
1.815580287641284374e-02
1.802027347398697105e-02
1.791624486852766429e-02
1.784366780493926163e-02
1.780204492453217255e-02
1.779047594157208076e-02
1.780770616169064305e-02
1.785217720566196001e-02
1.792207911505165618e-02
1.801540326776019524e-02
1.812999569779606343e-02
1.826361048322017178e-02
1.841396283804021955e-02
1.857878142587299219e-02
1.875585922193403338e-02
1.894310201057031531e-02
1.913857335219042166e-02
1.934053462790621264e-02
1.954747861888057880e-02
1.975815504546644605e-02
1.997158661501950358e-02
2.018707442608838609e-02
2.040419204651291313e-02
2.062276819389713065e-02
2.084285864566160287e-02
2.106470872304792852e-02
2.128870835430897793e-02
2.151534225830432218e-02
2.174513814810876203e-02
2.197861600406807864e-02
2.221624139907783790e-02
2.245838558819134023e-02
2.270529462759544176e-02
2.295706920148484972e-02
2.321365615071635871e-02
2.347485195677104924e-02
2.374031768068552567e-02
2.400960413096239060e-02
2.428218537840014929e-02
2.455749818981214222e-02
2.483498455472196720e-02
2.511413426188970760e-02
2.539452446928821064e-02
2.567585341210143826e-02
2.595796580228286465e-02
2.624086806621117249e-02
2.652473230287519246e-02
2.680988866885370553e-02
2.709680674474058623e-02
2.738606724542730006e-02
2.767832614363270605e-02
2.797427383255282965e-02
2.827459232356767035e-02
2.857991363723661610e-02
2.889078249236592608e-02
2.920762613188029183e-02
2.953073365794108007e-02
2.986024660313327250e-02
3.019616167001508769e-02
3.053834566973685771e-02
3.088656173671282604e-02
3.124050495809484532e-02
3.159984471082274982e-02
3.196427032412591657e-02
3.233353625259408753e-02
3.270750280744540855e-02
3.308616867791073363e-02
3.346969197657009149e-02
3.385839732747360914e-02
3.425276752491769605e-02
3.465341944849545386e-02
3.506106514467130508e-02
3.547646019641310239e-02
3.590034262666459697e-02
3.633336655311896618e-02
3.677603557067654627e-02
3.722864132549951605e-02
3.769121289927464952e-02
3.816348238009601573e-02
3.864487129699119977e-02
3.913450139706560471e-02
3.963123154679803334e-02
4.013372040650764472e-02
4.064051210647066231e-02
4.115013967631232089e-02
4.166123874091835072e-02
4.217266230838136870e-02
4.268358660687078532e-02
4.319359804201242797e-02
4.370275246445087108e-02
4.421159992936442296e-02
4.472117074971169309e-02
4.523292159058993345e-02
4.574864333302768732e-02
4.627033522865493104e-02
4.680005234235642270e-02
4.733973539504312406e-02
4.789103388084615248e-02
4.845513474825941663e-02
4.903260995150486579e-02
4.962329664598608137e-02
5.022622345624644380e-02
5.083959474198684186e-02
5.146084178596349590e-02
5.208674512183608662e-02
5.271362589334550180e-02
5.333759668108515456e-02
5.395485457460088424e-02
5.456199264336996507e-02
5.515630164808647123e-02
