9.937925125519937453e-01
9.918393634597608699e-01
9.885294103494420836e-01
9.837830372219461550e-01
9.774937354674728685e-01
9.695332014971781431e-01
9.597580358916565357e-01
9.480180507370541410e-01
9.341660882654240217e-01
9.180691014705218977e-01
8.996200532663285454e-01
8.787499727479177736e-01
8.554392947061439934e-01
8.297274417289051129e-01
8.017195325412863616e-01
7.715891578725020405e-01
7.395763831695183477e-01
7.059805164216291784e-01
6.711476863624227240e-01
6.354538472808436422e-01
5.992843794554205683e-01
5.630119111223828021e-01
5.269743013306128487e-01
4.914548949611860507e-01
4.566672447314011341e-01
4.227465662521479040e-01
3.897502798747682906e-01
3.576699610733533596e-01
3.264564328027099727e-01
2.960578157142931821e-01
2.664663161886339227e-01
2.377635175115008215e-01
2.101483376044488149e-01
1.839315056621123046e-01
1.594898024049518082e-01
1.371907706833369323e-01
1.173141555158743743e-01
9.999845344388424984e-02
8.522763219996071227e-02
7.285419585231363293e-02
6.264246654523854263e-02
5.431468869021036094e-02
4.758859624148770173e-02
4.220243077286069816e-02
3.792845952091120770e-02
3.457822031189659862e-02
3.200294564527049468e-02
3.009200606973218284e-02
2.877151501562941888e-02
2.800484071526018748e-02
2.779688797583839202e-02
2.820489567626969715e-02
2.936068324252558842e-02
3.151397697641038914e-02
3.511614267520242472e-02
4.098225440475097153e-02
5.059448150300768082e-02
6.656352895502427869e-02
9.256878569827214909e-02
1.283911867027389964e-01
1.533196523950146883e-01
1.387208240395683967e-01
1.035614698976799891e-01
7.472232757489780108e-02
5.615265484791171630e-02
4.461414740504256182e-02
3.728613289794981134e-02
3.248184921262767255e-02
2.924910888803102654e-02
2.704477866858506427e-02
2.555165365936649946e-02
2.458166595274344571e-02
2.402486151035774370e-02
2.382262242953895812e-02
2.395452619145073750e-02
2.443395921295935316e-02
2.531081390778311402e-02
2.668172930323188183e-02
2.870967725996001127e-02
3.165267518341722403e-02
3.588037074737020216e-02
4.174098877085030690e-02
4.865017561367593335e-02
5.200657623922489564e-02
4.300228446448137176e-02
2.580983331427013847e-02
1.348098676865196362e-02
7.531102466627479300e-03
5.030964575333576536e-03
4.080365543729004389e-03
3.810797567297896475e-03
3.845848797372425267e-03
4.021559257452465667e-03
4.267867682146996716e-03
4.559670424499864989e-03
4.897316636721741820e-03
5.300928703117155534e-03
5.813128997957358983e-03
6.508604700141687113e-03
7.506226666729814111e-03
8.955469091120576985e-03
1.088891121952382732e-02
1.280978375315877486e-02
1.364007708187650603e-02
1.304449910186192274e-02
1.184608502935457185e-02
1.075199648202474975e-02
9.965734433911407203e-03
9.468771183136187597e-03
9.203583464046150020e-03
9.126248501556617418e-03
9.213734900928197830e-03
9.461518925782798003e-03
9.880779298281362408e-03
1.049643710214164492e-02
1.134491668495920397e-02
1.246898573988156067e-02
1.390507909876149799e-02
1.565687471630538424e-02
1.765202405169204875e-02
1.969600572130820321e-02
2.146967132245227589e-02
2.262567045439592764e-02
2.295778279776382325e-02
2.250410716604372974e-02
2.148967024856033442e-02
2.018401562190299051e-02
1.879839314368982051e-02
1.745859689512148372e-02
1.622155278468606632e-02
1.510135047446372128e-02
1.408971388071355094e-02
1.316871712278248549e-02
1.231785321489567778e-02
1.151790637532924301e-02
1.075338624924245499e-02
1.001455831949351824e-02
9.299477999773347880e-03
8.615788087851568994e-03
7.981329435492812499e-03
7.422127932494882244e-03
6.966733730185904923e-03
6.637716650141776455e-03
6.443580499464428117e-03
6.375184191909159456e-03
6.408470529256914648e-03
6.511572016221981417e-03
6.652436880460519883e-03
6.804084420950346802e-03
6.946789608955569219e-03
7.068019696222161558e-03
7.161312938943908274e-03
7.224983185756608806e-03
7.261094809360122380e-03
7.274826659571367003e-03
7.274155966482009905e-03
7.269692659654660230e-03
7.274439279838750862e-03
7.303236001202214819e-03
7.371703119620445777e-03
7.494651707797482694e-03
7.684191645999581023e-03
7.948028699590726706e-03
8.288537489256647683e-03
8.702997119801153883e-03
9.184938030142753007e-03
9.726116293627233567e-03
1.031845206596288672e-02
1.095539857936992344e-02
1.163250419029946206e-02
1.234720162379383465e-02
1.309800301271425715e-02
1.388330359087991753e-02
1.469996256991463329e-02
1.554179690592642250e-02
1.639812608800894633e-02
1.725254913704082904e-02
1.808219981475366750e-02
1.885777309034608953e-02
1.954459263878142658e-02
2.010484981757853368e-02
2.050088330011407348e-02
2.069904901267655487e-02
2.067348108011735075e-02
2.040900212582804144e-02
1.990266113361132197e-02
1.916378270023199465e-02
1.821282937280460645e-02
1.707964013020870850e-02
1.580163934228997341e-02
1.442245031170345977e-02
1.299109610206796751e-02
1.156172439537988920e-02
1.019360898545227170e-02
8.951074573987355745e-03
7.902959768758301140e-03
7.121270331923953457e-03
6.678782351460004624e-03
6.645536832383419634e-03
7.084415538916313641e-03
8.046268517244567139e-03
9.565309229086597920e-03
1.165561512655699863e-02
1.430949335375174269e-02
1.749817145265417442e-02
2.117481228233947244e-02
2.527936308906329060e-02
2.974438283061610691e-02
3.450085508795109474e-02
3.948310303420823897e-02
4.463221009051426130e-02
4.989770470949267400e-02
5.523758854657016132e-02
6.061701420540262925e-02
6.600603900366394661e-02
7.137691441822167915e-02
7.670134808587307507e-02
8.194812249412346261e-02
8.708138519801042476e-02
9.205984094163932596e-02
9.683697196346453817e-02
1.013622869735498339e-01
1.055834593251205600e-01
1.094490806075023165e-01
1.129116557883976524e-01
1.159304277654982646e-01
1.184736577495346110e-01
1.205200974799501418e-01
1.220595432996066793e-01
1.230925220865900643e-01
1.236292879640804726e-01
1.236883827451079887e-01
1.232950266104457238e-01
1.224795688499853430e-01
1.212761607839372147e-01
1.197217345802272792e-01
1.178552987946737823e-01
1.157175040493481771e-01
1.133503946241479765e-01
1.107972442666085855e-01
1.081023755042718054e-01
1.053108784019726324e-01
1.024681734989953824e-01
9.961940008337553942e-02
9.680864941284199332e-02
9.407809663938433709e-02
9.146710897489102043e-02
8.901141667493951692e-02
8.674242631014300597e-02
8.468673464839093779e-02
8.286587140365835047e-02
8.129626681412821521e-02
7.998941195571381002e-02
7.895216056517904979e-02
7.818711306506348491e-02
7.769302607235781255e-02
7.746520172950410732e-02
7.749582759237960694e-02
7.777425628414333381e-02
7.828723177815762047e-02
7.901908368012532102e-02
7.995192051424732105e-02
8.106585665483920233e-02
8.233930470960591774e-02
8.374935614992032318e-02
8.527225897691353973e-02
8.688398427123840417e-02
8.856085632935577212e-02
9.028020669634174988e-02
9.202100335361956818e-02
9.376440425365099862e-02
9.549418963519142045e-02
9.719703905862767113e-02
9.886263476183618226e-02
1.004835901179707003e-01
1.020552181186094448e-01
1.035751679122223490e-01
1.050429663260590979e-01
1.064595056571888271e-01
1.078265191759403274e-01
1.091460824981441147e-01
1.104201731691002303e-01
1.116503133544728132e-01
1.128373122195061584e-01
1.139811160221087111e-01
1.150807656569013543e-01
1.161344538062143023e-01
1.171396673822003437e-01
1.180933959474821521e-01
1.189923835795680673e-01
1.198334003795554492e-01
1.206135105341441804e-01
1.213303163411909302e-01
1.219821615339283793e-01
1.225682820784570193e-01
1.230888978033666675e-01
1.235452432094705510e-01
1.239395401708345001e-01
1.242749187030102731e-01
1.245552944371880882e-01
1.247852129407560073e-01
1.249696717023097287e-01
1.251139306290247055e-01
1.252233214536196959e-01
1.253030656429666156e-01
1.253581093153715575e-01
1.253929823407525512e-01
1.254116872290386986e-01
1.254176216247210318e-01
1.254135362659657971e-01
1.254015282222301075e-01
1.253830672211714570e-01
1.253590510639809585e-01
1.253298846572083736e-01
1.252955761790650324e-01
1.252558434171464619e-01
1.252102233653833441e-01
1.251581786894238046e-01
1.250991955502890329e-01
1.250328683786535444e-01
1.249589683800382822e-01
1.248774937126798934e-01
1.247887003425566244e-01
1.246931135150956965e-01
1.245915205979211404e-01
1.244849467724791631e-01
1.243746157161565585e-01
1.242618980379187749e-01
1.241482508007449720e-01
1.240351519451578233e-01
1.239240337585545415e-01
1.238162196444437813e-01
1.237128682736420016e-01
1.236149287146643128e-01
1.235231093549409992e-01
1.234378623980180029e-01
1.233593845559628616e-01
1.232876333765409171e-01
1.232223575781659919e-01
1.231631389159858481e-01
1.231094425323563113e-01
1.230606724676976543e-01
1.230162289908420664e-01
1.229755645873317899e-01
1.229382357434134487e-01
1.229039480150541791e-01
1.228725922318077562e-01
1.228442700440532942e-01
1.228193073990070661e-01
1.227982549667495094e-01
1.227818750768241290e-01
1.227711153981721065e-01
1.227670703971743826e-01
1.227709324945924080e-01
1.227839357236722995e-01
1.228072954493520108e-01
1.228421482157538713e-01
1.228894959404848164e-01
1.229501584138691650e-01
1.230247374004475314e-01
1.231135946607497117e-01
1.232168450500015222e-01
1.233343646694671086e-01
1.234658129975914481e-01
1.236106671218296094e-01
1.237682656755280663e-01
1.239378598393088143e-01
1.241186687229001856e-01
1.243099365038341231e-01
1.245109887697575801e-01
1.247212855279721117e-01
1.249404682962768354e-01
1.251683986172976437e-01
1.254051853377294024e-01
1.256511981847917014e-01
1.259070656681751110e-01
1.261736562048326460e-01
1.264520425924722247e-01
1.267434514325926354e-01
1.270492006191580314e-01
1.273706293032193793e-01
1.277090255623611337e-01
1.280655571695019923e-01
1.284412103243237624e-01
1.288367400937928675e-01
1.292526348490956323e-01
1.296890954977036325e-01
1.301460290912349882e-01
1.306230556520386610e-01
1.311195268721832563e-01
1.316345556132192118e-01
1.321670556603669056e-01
1.327157916740908938e-01
1.332794394425196038e-01
1.338566561459879622e-01
1.344461593073252026e-01
1.350468115061224106e-01
1.356577060639404253e-01
1.362782472031237868e-01
1.369082171600178865e-01
1.375478228374567846e-01
1.381977160242167380e-01
1.388589838486099515e-01
