1.227385185005670953e+00
1.229416813883544846e+00
1.232790577470734394e+00
1.237487896929821085e+00
1.243482647584135847e+00
1.250741478092138426e+00
1.259224815585356039e+00
1.268888957955771613e+00
1.279689689452855550e+00
1.291587852337428455e+00
1.304557254506442110e+00
1.318595180434623426e+00
1.333735593631316885e+00
1.350064872755057488e+00
1.367739618636392152e+00
1.387005720918078833e+00
1.408217496672469871e+00
1.431855312998017160e+00
1.458539655080704378e+00
1.489039025552836293e+00
1.524268225123204923e+00
1.565272284302797967e+00
1.613189416202755799e+00
1.669183817637861944e+00
1.734336374669728009e+00
1.809479661905326608e+00
1.894965949732763333e+00
1.990368131602921586e+00
2.094139635700184687e+00
2.203303860563064376e+00
2.313298543736507895e+00
2.418136174038697295e+00
2.511007835081956685e+00
2.585315230340881509e+00
2.635894478324715351e+00
2.660024367228513764e+00
2.657840978207373084e+00
2.632031496382106983e+00
2.586993721288920245e+00
2.527821360041664800e+00
2.459438394345557555e+00
2.386044285091017070e+00
2.310872671916104792e+00
2.236178306458661336e+00
2.163349335570843746e+00
2.093062946104410127e+00
2.025432696692626156e+00
1.960120266732649830e+00
1.896398456521904752e+00
1.833156663487203852e+00
1.768835960654226547e+00
1.701267741539920220e+00
1.627363668766511617e+00
1.542556431840942599e+00
1.439808254380828600e+00
1.307899698211619111e+00
1.128818235957806060e+00
8.759634493674225419e-01
5.266861119908241573e-01
1.452574925066019984e-01
4.928471426794507615e-02
4.684955011058852814e-01
1.000545697501114439e+00
1.349369047050748449e+00
1.536774955012497168e+00
1.632628121370738539e+00
1.680102631710499894e+00
1.701341190688952398e+00
1.707482406107472039e+00
1.704201458245642620e+00
1.694377273166232323e+00
1.679357465034880370e+00
1.659555294855092900e+00
1.634709940936080574e+00
1.603952313985389733e+00
1.565726278718685194e+00
1.517561146351156021e+00
1.455650995387948177e+00
1.374176051992930248e+00
1.264405988601518205e+00
1.114419395172106420e+00
9.143970815742593627e-01
6.891363766687432779e-01
6.021987317923825911e-01
9.461502532286939493e-01
1.551962394739006434e+00
1.975043353414075442e+00
2.179488245372063648e+00
2.271988658398496952e+00
2.318922513189691337e+00
2.350476248910739141e+00
2.380260988403550826e+00
2.415118756584720305e+00
2.459242540367610808e+00
2.515880691299467120e+00
2.587948057210097907e+00
2.677842065007956407e+00
2.785973979401543676e+00
2.906220407587458698e+00
3.013782454310273806e+00
3.037809105379629226e+00
2.826222472547047282e+00
2.207605084616187430e+00
1.296085188780935926e+00
5.351215827080002541e-01
1.412433866950224270e-01
1.212444914358318596e-02
7.913345267911828587e-03
4.897769245600402943e-02
9.993503317076377068e-02
1.466638890579477494e-01
1.840239007959986739e-01
2.104309513640203744e-01
2.255925658064635853e-01
2.296107506315816782e-01
2.227143317365057329e-01
2.053654458846705944e-01
1.787019609269350218e-01
1.453295266500105043e-01
1.102907866593457464e-01
8.148825161278909490e-02
6.823558109930712157e-02
7.732808322072802498e-02
1.089280418933245564e-01
1.562810511769490429e-01
2.097455230612195465e-01
2.612244200582091724e-01
3.059854416886499395e-01
3.422035694277401063e-01
3.697758429457438933e-01
3.893362164734798792e-01
4.016709423738750728e-01
4.074386517645006700e-01
4.070679735330814397e-01
4.007509821250849202e-01
3.884967291460357242e-01
3.702391845305235130e-01
3.460065784612044726e-01
3.161504404553054370e-01
2.815960618355689005e-01
2.440169005560865745e-01
2.057930355793152477e-01
1.696590688211589704e-01
1.381112392045362736e-01
1.128271891720799558e-01
9.437589912661754898e-02
8.231310121627051501e-02
7.553460330279523904e-02
7.267613208723940066e-02
7.241286687726412874e-02
7.361879688698132196e-02
7.541465706034260197e-02
7.715194422381146944e-02
7.837175346996577696e-02
7.876188765385576385e-02
7.812344588723177385e-02
7.635047589920006261e-02
7.342180622418195690e-02
6.940112430204699312e-02
6.443889700754007466e-02
5.876826122635725458e-02
5.268793192653017238e-02
4.652962845464234803e-02
4.061465450965091872e-02
3.521058800620227580e-02
3.050041945400371046e-02
2.657168282197117787e-02
2.342517458033822886e-02
2.099651845932364730e-02
1.918186761914995528e-02
1.786091002264605238e-02
1.691375944345270207e-02
1.623127609900330837e-02
1.572005137519605703e-02
1.530382421957885743e-02
1.492293263158723550e-02
1.453295725090250970e-02
1.410323226225821194e-02
1.361548949102497560e-02
1.306260169080495498e-02
1.244721797201435616e-02
1.178005243835630704e-02
1.107769423073717147e-02
1.036001087539432756e-02
9.647429346385325705e-03
8.958499605033127741e-03
8.308114168182325829e-03
7.706592505866772906e-03
7.159622013368592726e-03
6.668869595805152622e-03
6.232992283633794969e-03
5.848781277537876307e-03
5.512236359801316564e-03
5.219445689906059005e-03
4.967211649723315102e-03
4.753406328918057672e-03
4.577063342446808028e-03
4.438225072631034503e-03
4.337575723584890554e-03
4.275907049089392072e-03
4.253486079735291185e-03
4.269417409414633449e-03
4.321106904340273579e-03
4.403928875681234652e-03
4.511169516205966630e-03
4.634269520472965830e-03
4.763331178253015635e-03
4.887806896861737402e-03
4.997260733291932280e-03
5.082096621009521073e-03
5.134171100000269224e-03
5.147242972212387642e-03
5.117245533824365221e-03
5.042390995496561813e-03
4.923128930443614222e-03
4.761983035490868071e-03
4.563287414250834229e-03
4.332839576819090543e-03
4.077485933250319522e-03
3.804658491607418661e-03
3.521888455486798380e-03
3.236331223753221957e-03
2.954344356772724452e-03
2.681161560455195755e-03
2.420698974205758806e-03
2.175514756301458012e-03
1.946921746092358145e-03
1.735230655940678225e-03
1.540083162124432836e-03
1.360824416050573395e-03
1.196864243325455879e-03
1.047984248809571972e-03
9.145610014478833044e-04
7.976898243659416923e-04
6.992066361755047048e-04
6.216153155523246711e-04
5.679350372590567233e-04
5.414866328991650279e-04
5.456401778898735270e-04
5.835483443708049068e-04
6.578916838820614071e-04
7.706624298695795771e-04
9.230117829942773282e-04
1.115181114954127408e-03
1.346529700496329300e-03
1.615660859954774157e-03
1.920636064623709250e-03
2.259254604030491026e-03
2.629366994948826187e-03
3.029185149668584594e-03
3.457552219496078452e-03
3.914139704868791446e-03
4.399547699653289477e-03
4.915294396381898398e-03
5.463691667023319945e-03
6.047613526765185585e-03
6.670173019368788418e-03
7.334330413885309721e-03
8.042461651650342075e-03
8.795920725043633245e-03
9.594632822701351996e-03
1.043675603307279293e-02
1.131844735567439676e-02
1.223376299747896967e-02
1.317471311712552218e-02
1.413147772859487533e-02
1.509277466226051703e-02
1.604635434709206568e-02
1.697958217404206202e-02
1.788005964295033209e-02
1.873623199578700743e-02
1.953793309710681950e-02
2.027682721115773787e-02
2.094672030483337583e-02
2.154372828406598758e-02
2.206630384845268550e-02
2.251513558359164585e-02
2.289294139280461868e-02
2.320418306940691053e-02
2.345473004344061571e-02
2.365149883189313074e-02
2.380209137336483996e-02
2.391445109575839750e-02
2.399655094608603087e-02
2.405612318987166570e-02
2.410043684371586045e-02
2.413612525510968818e-02
2.416906359717650721e-02
2.420429385571592346e-02
2.424599318936519060e-02
2.429748028747201818e-02
2.436125349865578965e-02
2.443905403469455451e-02
2.453194745205871524e-02
2.464041685217210204e-02
2.476446177997124534e-02
2.490369757797507994e-02
2.505745089350450497e-02
2.522484805593403975e-02
2.540489405747931723e-02
2.559654081534253403e-02
2.579874421329082443e-02
2.601051008534269182e-02
2.623092980051663220e-02
2.645920643815261042e-02
2.669467272155891593e-02
2.693680192379261165e-02
2.718521289720603890e-02
2.743967023411663514e-02
2.770008036720272501e-02
2.796648419361011384e-02
2.823904658507083928e-02
2.851804295493944735e-02
2.880384291557503904e-02
2.909689099327401884e-02
2.939768438192421132e-02
2.970674781022023328e-02
3.002460576125056887e-02
3.035175250107556219e-02
3.068862062383274913e-02
3.103554908274676685e-02
3.139275192760722366e-02
3.176028918980908222e-02
3.213804152701014299e-02
3.252569034201068660e-02
3.292270510459966576e-02
3.332833950954616070e-02
3.374163787742532478e-02
3.416145282981672415e-02
3.458647473740220080e-02
3.501527275395091565e-02
3.544634643647500555e-02
3.587818606077280981e-02
3.630933884416972374e-02
3.673847747366645183e-02
3.716446670632922444e-02
3.758642345243008026e-02
3.800376574265133811e-02
3.841624635638696272e-02
3.882396764390236288e-02
3.922737516226311449e-02
3.962722907849737519e-02
4.002455376562393669e-02
4.042056751443483947e-02
4.081659570255703751e-02
4.121397201872716021e-02
4.161393337349348492e-02
4.201751489423775909e-02
4.242545186635293675e-02
4.283809560396883986e-02
4.325534996340849037e-02
4.367663449395327996e-02
4.410087900266429495e-02
4.452655256986055160e-02
4.495172782018599239e-02
4.537417863759152931e-02
4.579150670335351697e-02
4.620128950262069462e-02
4.660124010019908031e-02
4.698936733924333198e-02
4.736412441574491816e-02
4.772453416379764807e-02
4.807028084571491472e-02
4.840176062629129861e-02
4.872008595435337042e-02
4.902704244572445025e-02
4.932500022700827408e-02
4.961678478242894513e-02
4.990551496257816799e-02
5.019441788214733247e-02
5.048663195137070847e-02
5.078501028821819779e-02
5.109193726662355356e-02
5.140917093514689451e-02
5.173772338156273909e-02
5.207778965663492632e-02
5.242873343698518929e-02
5.278913411197613120e-02
5.315689549278834053e-02
5.352941115136362199e-02
5.390377601358978255e-02
5.427702892775104065e-02
5.464640721800696765e-02
5.500959231309881375e-02
5.536492575881899608e-02
5.571157728690646210e-02
5.604965078923645344e-02
5.638021943890981352e-02
5.670528709096423620e-02
5.702767880150725471e-02
5.735086830969327726e-02
5.767875435863573097e-02
5.801540075876773783e-02
5.836475726165036432e-02
5.873037980848062889e-02
5.911516965947880703e-02
5.952115122457387469e-02
5.994930780180807856e-02
6.039949241624172765e-02
6.087042704889798067e-02
6.135979746582308908e-02
6.186444273658064930e-02
6.238062905528941882e-02
