1.164662713482135681e+00
1.163859693183498356e+00
1.162478863716652766e+00
1.160457549977892855e+00
1.157710185746437581e+00
1.154130801079040758e+00
1.149596602312988214e+00
1.143972832048704591e+00
1.137119035454885907e+00
1.128896747287430058e+00
1.119178452686750536e+00
1.107857472709511182e+00
1.094858200070506493e+00
1.080145888539759014e+00
1.063735015285048657e+00
1.045695126101500394e+00
1.026153070115510380e+00
1.005290648995849079e+00
9.833369387745822809e-01
9.605548587849687125e-01
9.372219159710944991e-01
9.136054053882007864e-01
8.899327021365640578e-01
8.663577219616211966e-01
8.429253617792905606e-01
8.195370846143680277e-01
7.959231499459687997e-01
7.716304360568718712e-01
7.460386730188357518e-01
7.184199134233243411e-01
6.880519148080671554e-01
6.543809793542882947e-01
6.172032384985787212e-01
5.768058007427403489e-01
5.340020212590441684e-01
4.900260136694855051e-01
4.463119507524003216e-01
4.042364158389614714e-01
3.649110681709804571e-01
3.290766759655917029e-01
2.970988456817523771e-01
2.690319808967652770e-01
2.447107994503279760e-01
2.238391517139605158e-01
2.060608642380964972e-01
1.910089615814845321e-01
1.783359289830952488e-01
1.677298464957153457e-01
1.589210818001818015e-01
1.516831345903053296e-01
1.458298677524944298e-01
1.412098592549424214e-01
1.376965311512227952e-01
1.351686717662696491e-01
1.334661106847314371e-01
1.322786771155511909e-01
1.308525827940987540e-01
1.272098446913040304e-01
1.163376852863267363e-01
8.867424523003762660e-02
4.222563506400024702e-02
6.732907068888738245e-03
1.158731052399354904e-03
9.917631118536820653e-03
2.055514417166480826e-02
2.959656082366676419e-02
3.675461511117778662e-02
4.241462141157487792e-02
4.699159506401939107e-02
5.081403247031724552e-02
5.412747002931835721e-02
5.711764051810758192e-02
5.993174220991205614e-02
6.269502289938681805e-02
6.552375988748983249e-02
6.853601110073560820e-02
7.186068247920268659e-02
7.564310080263897396e-02
8.003800846669285873e-02
8.515663119140079451e-02
9.085155001560893395e-02
9.595433072137406205e-02
9.599691845013957892e-02
8.007741765621982644e-02
4.312825181729630641e-02
1.129738782710005759e-02
1.132847098630990071e-03
2.789165400430940710e-03
7.781771452917035301e-03
1.310300416151292946e-02
1.801395351979452608e-02
2.246863285977802535e-02
2.661041298679337960e-02
3.063102267160674672e-02
3.474046643530407513e-02
3.917120145167863471e-02
4.419169502858497772e-02
5.011246586267108921e-02
5.724422575069495339e-02
6.568070344261360549e-02
7.456558376819071021e-02
8.041666915364992230e-02
7.630504514648346615e-02
5.892974556234319150e-02
3.711439040337859152e-02
2.070361797741831003e-02
1.118229108407941229e-02
6.291777395774376946e-03
3.971591640813494292e-03
2.999036795963268883e-03
2.725236370879631064e-03
2.813885243752708033e-03
3.089607992906168599e-03
3.458904077887394075e-03
3.869008392091513506e-03
4.285130915546729417e-03
4.676128309895624668e-03
5.004006467220513225e-03
5.216617159244841921e-03
5.247477529236177843e-03
5.030895013765532622e-03
4.536843563034079034e-03
3.808697333993350548e-03
2.964581078279862614e-03
2.146244947941266124e-03
1.457028786698251650e-03
9.380073294123337070e-04
5.829797225563601928e-04
3.643116050454423796e-04
2.512624165558008469e-04
2.183260716587317064e-04
2.473263849090314836e-04
3.267886204894814668e-04
4.504793515403688036e-04
6.158202240129062024e-04
8.222768338398348930e-04
1.069583457276814323e-03
1.355651057084973719e-03
1.674207333513272810e-03
2.012656755065591468e-03
2.351202099310644063e-03
2.664478106406070659e-03
2.926169988299380433e-03
3.115293434369103935e-03
3.221283707513424716e-03
3.245440518951620001e-03
3.198524081200109469e-03
3.096389791597196819e-03
2.955915122139116460e-03
2.792460388109527236e-03
2.618951600344318099e-03
2.446081575414801000e-03
2.283055529617722922e-03
2.138459890446837465e-03
2.020992198152010526e-03
1.939880955362247592e-03
1.904857370072596950e-03
1.925561738158790715e-03
2.010332122766249948e-03
2.164478023808942293e-03
2.388385874759518541e-03
2.676046858739081213e-03
3.014667777646554744e-03
3.385771775942602365e-03
3.767653176298063535e-03
4.138495626108251897e-03
4.479232353306029056e-03
4.775442641690252552e-03
5.018057467807554226e-03
5.203086637116935594e-03
5.330791511092006045e-03
5.404711471964719453e-03
5.430814195616811765e-03
5.416883881809976542e-03
5.372142366359797423e-03
5.307026154913538005e-03
5.233008940405948356e-03
5.162354513698961915e-03
5.107706247520013218e-03
5.081468019572436129e-03
5.095005293439790368e-03
5.157779255340149555e-03
5.276591668133817116e-03
5.455129215783434057e-03
5.693935754194857403e-03
5.990824960659406687e-03
6.341620986655182104e-03
6.741032717602295395e-03
7.183455496797316008e-03
7.663543988034081725e-03
8.176478773598477856e-03
8.717923703105825983e-03
9.283721982542172610e-03
9.869404653652940826e-03
1.046959397942027852e-02
1.107738681458937668e-02
1.168380605853154910e-02
1.227741253717867624e-02
1.284417029456555101e-02
1.336764704957953999e-02
1.382960065607777636e-02
1.421094918592071508e-02
1.449305348837668338e-02
1.465917363230918348e-02
1.469591672262883855e-02
1.459449124998205179e-02
1.435162659013107175e-02
1.397009209170804386e-02
1.345883250807981997e-02
1.283279850517504185e-02
1.211257588059672444e-02
1.132390322779807876e-02
1.049712594432150072e-02
9.666581697861588440e-03
8.869865520940179229e-03
8.146894580919787979e-03
7.538691529646641791e-03
7.085834648304790116e-03
6.826581323429347509e-03
6.794751326270833183e-03
7.017543533497953498e-03
7.513533313640815767e-03
8.291134283649409867e-03
9.347788294555545857e-03
1.067006475082632813e-02
1.223471647726376114e-02
1.401058368200271999e-02
1.596109861787708278e-02
1.804705577044875275e-02
2.022929428978864283e-02
2.247098831965046312e-02
2.473933660130559972e-02
2.700655675411129525e-02
2.925019560122378570e-02
3.145284754556287865e-02
3.360142203221874041e-02
3.568612107476990675e-02
3.769928588852847207e-02
3.963425586990335092e-02
4.148435975764283579e-02
4.324213145731681252e-02
4.489881316417802803e-02
4.644417652195897972e-02
4.786665933135494239e-02
4.915378269571055170e-02
5.029278475991388886e-02
5.127138638247425578e-02
5.207859468888254018e-02
5.270545416857979476e-02
5.314567083912177109e-02
5.339605947831686794e-02
5.345679186238755376e-02
5.333145000401545710e-02
5.302690839811525364e-02
5.255308110596344090e-02
5.192257311562286509e-02
5.115027243033753307e-02
5.025291224999985790e-02
4.924862402333087669e-02
4.815649420817361831e-02
4.699613169319706574e-02
4.578724961925834114e-02
4.454926470447992393e-02
4.330091850800160680e-02
4.205992742605242640e-02
4.084267055706732041e-02
3.966392596042012803e-02
3.853666561283155406e-02
3.747191729580957864e-02
3.647869793200756577e-02
3.556401811302251081e-02
3.473295253317163628e-02
3.398876659018434249e-02
3.333308619215705204e-02
3.276609618525354317e-02
3.228675282822192349e-02
3.189299715500604898e-02
3.158195848472096501e-02
3.135014030541742602e-02
3.119358385964753413e-02
3.110800767078945872e-02
3.108892374461611277e-02
3.113173311989238592e-02
3.123180474258517580e-02
3.138454225746869358e-02
3.158544323952559851e-02
3.183015465981609005e-02
3.211452708992839494e-02
3.243466846066184878e-02
3.278699633826390181e-02
3.316828594595851859e-02
3.357570982545036997e-02
3.400686434213690684e-02
3.445977833440188459e-02
3.493290011244034460e-02
3.542506061727373340e-02
3.593541264116977690e-02
3.646334830810667171e-02
3.700839922585984210e-02
3.757012559157794224e-02
3.814800186718008551e-02
3.874130732511937847e-02
3.934902976079722448e-02
3.996978999989438119e-02
4.060179356749068352e-02
4.124281413162524113e-02
4.189021120710757773e-02
4.254098224083310842e-02
4.319184674598629953e-02
4.383935777064382200e-02
4.448003384728148324e-02
4.511050284528808629e-02
4.572764799674838843e-02
4.632874591133288172e-02
4.691158671074806968e-02
4.747456749915272139e-02
4.801675216907198146e-02
4.853789287705113920e-02
4.903841120988378099e-02
4.951933987322151842e-02
4.998222844408634069e-02
5.042901913965633365e-02
5.086190051457084582e-02
5.128314840727719870e-02
5.169496425914838628e-02
5.209932111090993107e-02
5.249782714599531691e-02
5.289161562218780421e-02
5.328126844802887757e-02
5.366677857598625007e-02
5.404755388800199650e-02
5.442246246945733196e-02
5.478991627891541261e-02
5.514798743722368335e-02
5.549454891687656544e-02
5.582742954141908104e-02
5.614457209640907193e-02
5.644418312857207853e-02
5.672486369593602445e-02
5.698571185688475205e-02
5.722638988928822196e-02
5.744715188885592821e-02
5.764883025889305790e-02
5.783278243310676497e-02
5.800080177162247885e-02
5.815499879863662153e-02
5.829766072762421897e-02
5.843109851160720181e-02
5.855749144979075643e-02
5.867873966662311841e-02
5.879633452894827972e-02
5.891125623904166358e-02
5.902390639156556568e-02
5.913408119232316240e-02
5.924098834717315964e-02
5.934330746960933545e-02
5.943929045431804031e-02
5.952689493698348072e-02
5.960394106979718942e-02
5.966827973559993975e-02
5.971795926930469067e-02
5.975137788560681840e-02
5.976741029630975449e-02
5.976549925217687631e-02
5.974570566194301047e-02
5.970871417307592466e-02
5.965579431179933445e-02
5.958872021611100883e-02
5.950965450390720973e-02
5.942100385354254916e-02
5.932525546622271356e-02
5.922480478411250998e-02
5.912178568134068835e-02
5.901791478217441322e-02
5.891436145959703941e-02
5.881165423168070033e-02
5.870963250015320128e-02
5.860744974235767429e-02
5.850363041771863143e-02
5.839617825046766048e-02
5.828272869491651909e-02
5.816073392674465242e-02
5.802766530723565963e-02
5.788121647753294990e-02
5.771949032810624186e-02
5.754115498581666155e-02
5.734555727898418137e-02
5.713278627630535150e-02
5.690368378465746058e-02
5.665980257006696802e-02
5.640331619022741910e-02
5.613688662034040100e-02
5.586349748425660511e-02
5.558626198858722389e-02
5.530821593401834269e-02
5.503210765171122343e-02
5.476019834063150515e-02
5.449408771520002776e-02
5.423458049537794451e-02
5.398160835026842574e-02
5.373421883579942299e-02
5.349063744263286152e-02
5.324840149634271769e-02
