1.131773625114974591e+00
1.130570395772501513e+00
1.128518789156892632e+00
1.125550852874140029e+00
1.121574346562747237e+00
1.116475901940108706e+00
1.110125407466496572e+00
1.102381758188967442e+00
1.093100038514384309e+00
1.082140082250141022e+00
1.069376183412439563e+00
1.054707524207962654e+00
1.038068664054386581e+00
1.019439226087938133e+00
9.988517630461646313e-01
9.763967215533048138e-01
9.522234835331708780e-01
9.265366585756780182e-01
8.995871191197053474e-01
8.716576732661200921e-01
8.430437045798975237e-01
8.140295273959691214e-01
7.848615995609241613e-01
7.557201604861122357e-01
7.266914685302595656e-01
6.977438210152979714e-01
6.687121585400938040e-01
6.392982367481427897e-01
6.090953724323532326e-01
5.776467470644375268e-01
5.445410989320614847e-01
5.095366014838188518e-01
4.726841595734435630e-01
4.344047259613885714e-01
3.954772278893605164e-01
3.569236555330168592e-01
3.198240904088817116e-01
2.851271015007404430e-01
2.535173100157939174e-01
2.253677591288465176e-01
2.007663808976206110e-01
1.795849668369803032e-01
1.615588366114056318e-01
1.463565170977336460e-01
1.336310330914705635e-01
1.230527702329596018e-01
1.143277564942921237e-01
1.072060615161536112e-01
1.014844121396413362e-01
9.700611090149799387e-02
9.366042167536826890e-02
9.138288077594045045e-02
9.015734791844678964e-02
9.001939847620252233e-02
9.105676181239663602e-02
9.338851798130785864e-02
9.705408714179285246e-02
1.015654588770164568e-01
1.043708863525961983e-01
9.740748678595280430e-02
6.991129328378388463e-02
3.410475450953680959e-02
1.415234699040843896e-02
8.878991030530025697e-03
9.634960102544677316e-03
1.209879512247800937e-02
1.479025318080165637e-02
1.728740497043734087e-02
1.951455556400242403e-02
2.150185296491928869e-02
2.330730841661951200e-02
2.499295904704314231e-02
2.661934369338186945e-02
2.824640196579124643e-02
2.993692316621584040e-02
3.176145657479722412e-02
3.380450359863023529e-02
3.617157334299543614e-02
3.899408787603769744e-02
4.241821928511075451e-02
4.652145619741083343e-02
5.094627022441162306e-02
5.361831558820418647e-02
4.831905171217940054e-02
2.974044374448761574e-02
1.031808759479764526e-02
1.699036807012293268e-03
3.243322046428603130e-04
1.591872723718364135e-03
3.560913176098153606e-03
5.613892779645904794e-03
7.603606089002507354e-03
9.543056287287738151e-03
1.150622797188529875e-02
1.360238399701131640e-02
1.597894694283069975e-02
1.883998934739783068e-02
2.247671463783731949e-02
2.729980662438844310e-02
3.381655978855939437e-02
4.232264667550283965e-02
5.172616083921545427e-02
5.760587594930535738e-02
5.447196566634585763e-02
4.404541331344517113e-02
3.305047771377826044e-02
2.482514938989695275e-02
1.937435638802439269e-02
1.587430613495061094e-02
1.362799057964266675e-02
1.218089925035031711e-02
1.125476636574877440e-02
1.067957322852988375e-02
1.034830930339428884e-02
1.018881760905190371e-02
1.014522792375046299e-02
1.016383808280226821e-02
1.018084084489366721e-02
1.011264079349324073e-02
9.854990313085825598e-03
9.303071193548340112e-03
8.400001185883926996e-03
7.191593156573542790e-03
5.832076469137147806e-03
4.515087461812518008e-03
3.385675508070542985e-03
2.503559557839216479e-03
1.861490049001465578e-03
1.420528171286114744e-03
1.135877849554566433e-03
9.690172063036099062e-04
8.909991018541307730e-04
8.817936003170936347e-04
9.283891821765415976e-04
1.022745202816225220e-03
1.159857175989401903e-03
1.335866890603505447e-03
1.546102738012822666e-03
1.783096339117745243e-03
2.034965964911492411e-03
2.284956009748393812e-03
2.513004381302958931e-03
2.699517707975467549e-03
2.830142146694379201e-03
2.899284843489332436e-03
2.910662935370986887e-03
2.874984463205887408e-03
2.806378866104171452e-03
2.719302006337326761e-03
2.626755503021000870e-03
2.539767135945711785e-03
2.467666843637716413e-03
2.418678908895103771e-03
2.400487093925066269e-03
2.420556087545479903e-03
2.486066310554114426e-03
2.603362212114102882e-03
2.776873198529028735e-03
3.007586993460931168e-03
3.291355023370434642e-03
3.617540608790348680e-03
3.968650210523106542e-03
4.321448318486674836e-03
4.649587632878719214e-03
4.927166583012382479e-03
5.132216862881648287e-03
5.249195561364295229e-03
5.270051941756241122e-03
5.194028404580755022e-03
5.026720806820759654e-03
4.778967192199587259e-03
4.465956823851009207e-03
4.106708073152411792e-03
3.723856632879819512e-03
3.343556904225638074e-03
2.995223750873190430e-03
2.710821407707787647e-03
2.523448651104427069e-03
2.465093809019546466e-03
2.563650842904485142e-03
2.839571929554607268e-03
3.302798252899245401e-03
3.950731366141514538e-03
4.767873651518797842e-03
5.727370899435914493e-03
6.794166000022028307e-03
7.929038035769470083e-03
9.092633612307493909e-03
1.024873409072074928e-02
1.136633721414775575e-02
1.242049933099926250e-02
1.339215673973441663e-02
1.426727468244376809e-02
1.503568146861245479e-02
1.568988364634424024e-02
1.622407271980776111e-02
1.663345253059480069e-02
1.691394833768708819e-02
1.706230173191741750e-02
1.707650465948548635e-02
1.695647922003058750e-02
1.670487217890648940e-02
1.632781427541391342e-02
1.583550471200264806e-02
1.524252424586764777e-02
1.456784780792044418e-02
1.383460007540533547e-02
1.306965141561135246e-02
1.230316963458830994e-02
1.156822075680768482e-02
1.090045903630418311e-02
1.033788008681943600e-02
9.920549704905707450e-03
9.690178596258829449e-03
9.689398104409096060e-03
9.960608127407651405e-03
1.054431686601312729e-02
1.147697137381737884e-02
1.278838207834817955e-02
1.449896030965222050e-02
1.661709348166233446e-02
1.913704928445223580e-02
2.203779961556896760e-02
2.528306949854384686e-02
2.882274989571450077e-02
3.259559617369402196e-02
3.653291634316488401e-02
4.056278997391971758e-02
4.461429005781406693e-02
4.862121759170912744e-02
5.252498312539921610e-02
5.627644103125060276e-02
5.983665609775873362e-02
6.317672310307573258e-02
6.627685018001726325e-02
6.912495467295912133e-02
7.171501581156580762e-02
7.404539648555259757e-02
7.611730049258530473e-02
7.793348195860486105e-02
7.949727609242847326e-02
8.081197769186214408e-02
8.188055682856736073e-02
8.270567053704390437e-02
8.328990617092547899e-02
8.363617782722157501e-02
8.374819313176455615e-02
8.363091393895798198e-02
8.329094968615298467e-02
8.273684313645425503e-02
8.197923086533506765e-02
8.103088090771556895e-02
7.990662433653933361e-02
7.862320475368655970e-02
7.719907010473779641e-02
7.565412663461901221e-02
7.400946763590346422e-02
7.228708236534350795e-02
7.050954506634243835e-02
6.869968160221497089e-02
6.688021210314291920e-02
6.507337183000719283e-02
6.330051814571106827e-02
6.158173767450393632e-02
5.993547292119488779e-02
5.837819047666770178e-02
5.692411255183123936e-02
5.558502970673393634e-02
5.437020575954289864e-02
5.328637710843435460e-02
5.233783961456983658e-02
5.152660835222443864e-02
5.085263018549099345e-02
5.031402695012709980e-02
4.990734800468119015e-02
4.962781448815638957e-02
4.946954283917492229e-02
4.942574094494250198e-02
4.948887576495007018e-02
4.965081573718865826e-02
4.990295434587607715e-02
5.023632279999581257e-02
5.064169992950263294e-02
5.110972635906525785e-02
5.163102803537256841e-02
5.219635155569898877e-02
5.279671077703861765e-02
5.342354119124959749e-02
5.406885585248093207e-02
5.472539454765376621e-02
5.538675667518234286e-02
5.604750812461403719e-02
5.670325339319630398e-02
5.735066615592561423e-02
5.798747430826480670e-02
5.861239880597049479e-02
5.922504906309410816e-02
5.982578087372544817e-02
6.041552549175355918e-02
6.099560042547804567e-02
6.156751357379965789e-02
6.213277253544199213e-02
6.269271032095044549e-02
6.324833739263287236e-02
6.380022807609782298e-02
6.434844706309618412e-02
6.489251909721469036e-02
6.543144214546237070e-02
6.596374156349472939e-02
6.648756012524886794e-02
6.700077648171350042e-02
6.750114280721750126e-02
6.798643123226072449e-02
6.845457825448179878e-02
6.890381670751018206e-02
6.933278602138898128e-02
6.974061332359690613e-02
7.012696023876649476e-02
7.049203283917256091e-02
7.083655485540489571e-02
7.116170677154265434e-02
7.146903563393895709e-02
7.176034217979047891e-02
7.203755317389880231e-02
7.230258760363036941e-02
7.255722562430180766e-02
7.280298888447073180e-02
7.304104011172658784e-02
7.327210862698881055e-02
7.349644681225464549e-02
7.371382053955034819e-02
7.392353426984510367e-02
7.412448908586094509e-02
7.431526950971630019e-02
7.449425278053396771e-02
7.465973253674663968e-02
7.481004774255871348e-02
7.494370733834253284e-02
7.505950151914504709e-02
7.515659170195135297e-02
7.523457299670691101e-02
7.529350515572444391e-02
7.533391032312163060e-02
7.535673823257567350e-02
7.536330163863308451e-02
7.535518659941820019e-02
7.533414369732654992e-02
7.530196737189767675e-02
7.526037124872941853e-02
7.521086768087641150e-02
7.515465965658880976e-02
7.509255272846086793e-02
7.502489363128950206e-02
7.495154073930430927e-02
7.487186947304086404e-02
7.478481328156072472e-02
7.468893806712464944e-02
7.458254514127228563e-02
7.446379531109018068e-02
7.433084480039274522e-02
7.418198266071636404e-02
7.401575925583817051e-02
7.383109630156577119e-02
7.362737065843033557e-02
7.340446635025760225e-02
7.316279180885441880e-02
7.290326183314105313e-02
7.262724598114667085e-02
7.233648697089975488e-02
7.203299414319999650e-02
7.171891820585295230e-02
7.139641443535207910e-02
7.106750233145368856e-02
7.073393040012336541e-02
7.039705517665408030e-02
7.005774359565722365e-02
6.971630712407014818e-02
6.937247448544822670e-02
6.902540723111805221e-02
6.867375896847846550e-02
6.831577508051903114e-02
6.794942579632411161e-02
6.757256211779569255e-02
6.718308192837954551e-02
6.677909295148670710e-02
6.635906013210714216e-02
6.592192721228769259e-02
6.546720524956524401e-02
6.499502398115354629e-02
6.450614472469672067e-02
6.400193558748297484e-02
6.348431106107448041e-02
6.295563880716971428e-02
6.241861698699163047e-02
6.187612630931057373e-02
6.133106243874425489e-02
6.078615664205204439e-02
6.024379533249869106e-02
5.970585190707438511e-02
5.917354609239298957e-02
5.864734600656429375e-02
5.812692565207327328e-02
5.761118548487378921e-02
