1.018648671900473701e+00
1.016759918348933533e+00
1.013557936189201314e+00
1.008963947483202173e+00
1.002872365636485963e+00
9.951556597031051554e-01
9.856707788204586151e-01
9.742671618470520878e-01
9.607962572040587013e-01
9.451223284044943940e-01
9.271341285373204677e-01
9.067568090561940464e-01
8.839632131488879274e-01
8.587835307520975681e-01
8.313122057911389584e-01
8.017110285955458826e-01
7.702075456451764612e-01
7.370882773295668322e-01
7.026867223518831196e-01
6.673666842675217703e-01
6.315020030665334794e-01
5.954542387668440018e-01
5.595501911432493314e-01
5.240613570541303723e-01
4.891875847482232698e-01
4.550473681611776344e-01
4.216774680696007138e-01
3.890447030693368613e-01
3.570723279120066040e-01
3.256815022815950367e-01
2.948439493625268915e-01
2.646349696338266000e-01
2.352690127343617377e-01
2.070985665632116834e-01
1.805666910404456482e-01
1.561230867476839368e-01
1.341323186341318863e-01
1.148071202872805868e-01
9.818604735009649198e-02
8.415345154544551232e-02
7.248479923987839746e-02
6.289769118250997104e-02
5.509500237749746093e-02
4.879469962898515256e-02
4.374680719404180906e-02
3.974073352437661188e-02
3.660664220970746840e-02
3.421396038081023216e-02
3.246931809201304697e-02
3.131563789459315683e-02
3.073394161739060812e-02
3.074986576951945286e-02
3.144817020957277331e-02
3.300131603651291351e-02
3.572361286203412645e-02
4.017137260661833575e-02
4.731445282704781208e-02
5.873516787219711793e-02
7.624790064423794811e-02
9.791920468651861553e-02
1.079585095140392775e-01
9.056227248125627016e-02
6.337475519094530607e-02
4.352393335860230139e-02
3.164092134609207407e-02
2.466952510800405479e-02
2.045522082535975242e-02
1.781192579605348630e-02
1.610520836315174065e-02
1.498811131936374740e-02
1.426515268841579975e-02
1.382413426787983644e-02
1.360150821530805437e-02
1.356467385066072694e-02
1.370338836261359057e-02
1.402675481770470148e-02
1.456448915783397149e-02
1.537253426043298093e-02
1.654386363928854811e-02
1.822401493288012403e-02
2.061842684514388069e-02
2.391133460021343041e-02
2.773654131482181096e-02
2.942654826646735194e-02
2.401552324510698722e-02
1.406563235926313812e-02
7.013738346025787281e-03
3.617600513840203789e-03
2.163813435736343382e-03
1.561955553522330255e-03
1.317548736079867614e-03
1.216575148258794902e-03
1.164784736642185056e-03
1.120368836483947922e-03
1.066915069658627485e-03
1.004123376965686308e-03
9.488047378592267666e-04
9.465438857689316117e-04
1.101217318243271183e-03
1.636386423026922176e-03
2.989067843726231875e-03
5.792000443557977080e-03
1.019260775222044502e-02
1.459740663234881768e-02
1.690366139327605793e-02
1.713054209572875339e-02
1.642970327583191323e-02
1.556607331891982950e-02
1.483144205830464434e-02
1.430117374952267172e-02
1.398009962575765507e-02
1.385800228235840002e-02
1.392757872792167034e-02
1.418916163300008512e-02
1.465056229667052214e-02
1.532389344943345215e-02
1.621824001225746770e-02
1.732528596198899123e-02
1.859502934204939825e-02
1.990431789009759408e-02
2.103744918008481485e-02
2.171886511287887678e-02
2.172347341939328408e-02
2.100657416361915997e-02
1.973214853999830098e-02
1.816853302909897730e-02
1.655689038612601430e-02
1.504772549265874157e-02
1.370541671166545378e-02
1.253857724881190204e-02
1.152779472495252255e-02
1.064303776863954193e-02
9.852549712136244447e-03
9.126756338364797744e-03
8.439871483290074458e-03
7.770841013277088316e-03
7.104543071242474216e-03
6.433645781263623228e-03
5.760966699994376876e-03
5.101425044646180559e-03
4.481904913277530954e-03
3.937263873624494669e-03
3.502198098474636635e-03
3.201483883774465695e-03
3.043084529354981443e-03
3.017416687615480809e-03
3.102352236892891649e-03
3.270584566111880455e-03
3.495905020569557882e-03
3.756778102829903127e-03
4.037378830710123406e-03
4.327023868215309696e-03
4.618892679500326108e-03
4.908606927526379740e-03
5.192938701940427032e-03
5.468749099628515686e-03
5.732203711818313445e-03
5.978324982308730155e-03
6.200973545897845406e-03
6.393350249687557857e-03
6.549032019336645770e-03
6.663386316765506495e-03
6.735008913116221317e-03
6.766723949108099066e-03
6.765787443816310628e-03
6.743233767599274460e-03
6.712636994101710795e-03
6.688732523884853218e-03
6.686287497980269827e-03
6.719402881834301081e-03
6.801213689185790431e-03
6.943816254251589624e-03
7.158206149959585839e-03
7.454028111508434126e-03
7.838989627343813382e-03
8.317860229636793792e-03
8.891072644414726306e-03
9.553066512104017860e-03
1.029066315731701556e-02
1.108189579804196717e-02
1.189577934398876324e-02
1.269341647285661401e-02
1.343057072357005735e-02
1.406144784942110412e-02
1.454305786900127705e-02
1.483935027032338289e-02
1.492441381661254243e-02
1.478436115271584625e-02
1.441791978662487241e-02
1.383605799879584694e-02
1.306109652809650176e-02
1.212570193330069455e-02
1.107199362734332532e-02
9.950801756646711002e-03
8.820943981574137435e-03
7.748276326738851374e-03
6.804230899797659646e-03
6.063589741795531556e-03
5.601364067890791248e-03
5.488845911970037690e-03
5.789146921753235593e-03
6.552779614469306929e-03
7.813990167739637976e-03
9.588542666050928198e-03
1.187344770836171355e-02
1.464875861181506346e-02
1.788112953657483226e-02
2.152847427966452995e-02
2.554488665416800378e-02
2.988501691326308357e-02
3.450730170383230211e-02
3.937573086990234228e-02
4.446011501661979726e-02
4.973503531695760288e-02
5.517779308026741353e-02
6.076574215785984084e-02
6.647340563912028377e-02
7.226976979174114246e-02
7.811612174850135482e-02
8.396474976028507620e-02
8.975874562885456653e-02
9.543302968629396865e-02
1.009165618271547910e-01
1.061355266579980111e-01
1.110171210863409447e-01
1.154934686257487048e-01
1.195051673226992794e-01
1.230040560708614006e-01
1.259549381865313900e-01
1.283361911712836700e-01
1.301393705769966491e-01
1.313680459491738395e-01
1.320361693131640590e-01
1.321662734311121190e-01
1.317877445561667082e-01
1.309353350065818877e-01
1.296479953779802741e-01
1.279680297445897619e-01
1.259405184715545745e-01
1.236129158332095190e-01
1.210347138097892239e-01
1.182570676809358984e-01
1.153323005440792248e-01
1.123132384936324502e-01
1.092523701387411311e-01
1.062008662362759204e-01
1.032075298193452645e-01
1.003177677662252937e-01
9.757267754996004627e-02
9.500832812707071806e-02
9.265528565873713818e-02
9.053839979718851516e-02
8.867683215638404171e-02
8.708428167839843415e-02
8.576934578575413914e-02
8.473595250969752357e-02
8.398380583314497827e-02
8.350880138115927831e-02
8.330338880561932724e-02
8.335687727867299723e-02
8.365569841115119698e-02
8.418365423663372316e-02
8.492218492690778442e-02
8.585069069530930352e-02
8.694693489976774992e-02
8.818754174274388846e-02
8.954858431890573567e-02
9.100624006982464820e-02
9.253747431723449712e-02
9.412070150744460129e-02
9.573637018017498723e-02
9.736742210839062495e-02
9.899958763345009793e-02
1.006214957801288001e-01
1.022245964362967358e-01
1.038029098651095106e-01
1.053526337719768863e-01
1.068716486308069619e-01
1.083589674618246762e-01
1.098141769861750716e-01
1.112369137931983470e-01
1.126264127959949041e-01
1.139811567818377058e-01
1.152986461468139268e-01
1.165752976729142326e-01
1.178064710982873881e-01
1.189866128347065732e-01
1.201094980647670896e-01
1.211685461359803817e-01
1.221571801068852547e-01
1.230691997795119036e-01
1.238991386284556961e-01
1.246425784900684758e-01
1.252964012213696743e-01
1.258589630940204485e-01
1.263301846821303920e-01
1.267115556989761860e-01
1.270060600496824010e-01
1.272180309239216711e-01
1.273529489165852735e-01
1.274171979960199985e-01
1.274177948322136045e-01
1.273621067998867151e-01
1.272575731201654459e-01
1.271114422799723975e-01
1.269305371811704497e-01
1.267210574748358354e-01
1.264884262549274274e-01
1.262371857525998176e-01
1.259709439570439182e-01
1.256923713124012132e-01
1.254032439720652592e-01
1.251045277265126765e-01
1.247964948456433687e-01
1.244788648341537823e-01
1.241509595579063790e-01
1.238118633426079918e-01
1.234605793732811152e-01
1.230961748746469964e-01
1.227179089441213372e-01
1.223253383678269274e-01
1.219183981452248988e-01
1.214974547087858681e-01
1.210633309419804349e-01
1.206173031102719256e-01
1.201610707884040730e-01
1.196967018518722975e-01
1.192265556303818558e-01
1.187531883790483023e-01
1.182792462405713729e-01
1.178073517380996971e-01
1.173399904230533336e-01
1.168794044827134448e-01
1.164274998059340038e-01
1.159857721916762174e-01
1.155552571172449999e-01
1.151365058814859538e-01
1.147295891690393171e-01
1.143341273254449425e-01
1.139493450501584543e-01
1.135741469191554193e-01
1.132072091935653474e-01
1.128470827491325490e-01
1.124923016235130496e-01
1.121414915560561415e-01
1.117934729275412986e-01
1.114473526644996632e-01
1.111025999642184375e-01
1.107591011709305184e-01
1.104171898638849902e-01
1.100776492759388825e-01
1.097416855883866643e-01
1.094108724266522892e-01
1.090870689179008063e-01
1.087723157921533790e-01
1.084687159788555039e-01
1.081783077138330218e-01
1.079029390963542889e-01
1.076441531690587733e-01
1.074030918943894436e-01
1.071804259548596039e-01
1.069763153031303010e-01
1.067904030883384953e-01
1.066218432528427268e-01
1.064693599493588272e-01
1.063313351121061429e-01
1.062059190739049752e-01
1.060911580228098144e-01
1.059851312610162744e-01
1.058860905890176701e-01
1.057925936539430151e-01
1.057036228074240830e-01
1.056186810285123928e-01
1.055378569558845375e-01
1.054618522338991726e-01
1.053919663574022086e-01
1.053300370346607617e-01
1.052783376390596659e-01
1.052394372582711873e-01
1.052160326818912806e-01
1.052107648257979144e-01
1.052260340522886001e-01
1.052638292650382723e-01
1.053255844624380738e-01
1.054120738405958935e-01
1.055233530034835332e-01
1.056587499357302673e-01
1.058169056709856171e-01
1.059958614428577611e-01
1.061931867100024546e-01
1.064061407481693700e-01
1.066318592726671899e-01
1.068675564962147384e-01
1.071107318842571404e-01
1.073593695461079467e-01
1.076121168333327438e-01
1.078684277055282498e-01
1.081286563699283831e-01
1.083940882672419503e-01
1.086668991662943923e-01
1.089500390492780246e-01
1.092470451444592372e-01
1.095617968158071609e-01
