1.213090994619717478e+00
1.213431740403594361e+00
1.213972320371371261e+00
1.214671882876393161e+00
1.215473700194873219e+00
1.216306030224414636e+00
1.217083740892275667e+00
1.217710998691981406e+00
1.218085299391931997e+00
1.218103047747156387e+00
1.217666770950179389e+00
1.216693878529047756e+00
1.215126666368002484e+00
1.212943019076284878e+00
1.210167015455405837e+00
1.206878413834155284e+00
1.203219814003088306e+00
1.199400176684122465e+00
1.195693326588460614e+00
1.192430042742784302e+00
1.189982300893372091e+00
1.188738129035552094e+00
1.189065366013751124e+00
1.191262494968470698e+00
1.195495012292179693e+00
1.201717204218031521e+00
1.209582877807535706e+00
1.218355882860994832e+00
1.226842843104086755e+00
1.233384430924176156e+00
1.235950509653984453e+00
1.232375156253267656e+00
1.220726645071610328e+00
1.199737577212342199e+00
1.169155299456109187e+00
1.129866772549000808e+00
1.083732945081575805e+00
1.033195588133921650e+00
9.808102240224374491e-01
9.288588239935444690e-01
8.791248534571330930e-01
8.328310557586525720e-01
7.906911767783529887e-01
7.530172105790479131e-01
7.198375834828748543e-01
6.910012807382580613e-01
6.662584833911322502e-01
6.453173894444119707e-01
6.278807035752610455e-01
6.136656715366611836e-01
6.024097454636696547e-01
5.938600332520325153e-01
5.877367464733905811e-01
5.836430343411931343e-01
5.808496149104351858e-01
5.777678935978091124e-01
5.706239487214692652e-01
5.501520396223789078e-01
4.946777180529368101e-01
3.676470138508359797e-01
1.754051260329549111e-01
5.164989027090143014e-02
5.654162215321990870e-02
1.120580365763839820e-01
1.676655960306852600e-01
2.121965829027410155e-01
2.464508958422201579e-01
2.730428694060862971e-01
2.941973975478822667e-01
3.115205360044109861e-01
3.261335041793089751e-01
3.388220544466102879e-01
3.501448990702143438e-01
3.605031357633820543e-01
3.701787619668952534e-01
3.793449731542395398e-01
3.880404222476014353e-01
3.960790598005375363e-01
4.028194274171694178e-01
4.065965471782965746e-01
4.033180286328726383e-01
3.831534969424091885e-01
3.250329368016231513e-01
2.046917112751992229e-01
6.769892002731546510e-02
3.069582140540189075e-02
7.876447852400993155e-02
1.417015605148032320e-01
1.951285241085302935e-01
2.377959282431852672e-01
2.728901237165422544e-01
3.034665559398337376e-01
3.319112405191014248e-01
3.601422839167145451e-01
3.898656525360549852e-01
4.227771146105878119e-01
4.606829317192241979e-01
5.054371060928487536e-01
5.583235740774746825e-01
6.177654232230089804e-01
6.727346101740238060e-01
6.900211071757724746e-01
6.147558270643534994e-01
4.375234211600566026e-01
2.474247179500572436e-01
1.201037153212254904e-01
5.544058224657669870e-02
2.838092199322824610e-02
2.016587534415172078e-02
2.068025758128931232e-02
2.495510184620992195e-02
3.059978111161304817e-02
3.645424048029397707e-02
4.192969051916883155e-02
4.668168164184260949e-02
5.043706744148633569e-02
5.289397631842044506e-02
5.366784900818961229e-02
5.229677475049823027e-02
4.835430743904382128e-02
4.171569757915064708e-02
3.290526850575020007e-02
2.322368136508788650e-02
1.433932851478865456e-02
7.534970310461771952e-03
3.248954301937145069e-03
1.198971775087829487e-03
7.837189835296262111e-04
1.400788521813303537e-03
2.582186100657511609e-03
4.009228157288882537e-03
5.480825061376642417e-03
6.875249105379496739e-03
8.119291553551968854e-03
9.166851568114055965e-03
9.985459331968189398e-03
1.054906169762097681e-02
1.083614992345808409e-02
1.083285833379581641e-02
1.054029018019125852e-02
9.983619386815346247e-03
9.218082609354338527e-03
8.326136046924424022e-03
7.403479043836235993e-03
6.538557166905799474e-03
5.794962099126282559e-03
5.204068163892041493e-03
4.768425983206822996e-03
4.471140628599383667e-03
4.285808589359740156e-03
4.183905150507332207e-03
4.138984879286340852e-03
4.128386908780310935e-03
4.133444248350762705e-03
4.139016626933138786e-03
4.132883459029699190e-03
4.105302510842261630e-03
4.048877957230634372e-03
3.958755089842069114e-03
3.833035324699044823e-03
3.673183635920505494e-03
3.484125969620761095e-03
3.273777155781009036e-03
3.051934117307689241e-03
2.828747020276768491e-03
2.613186312230049088e-03
2.411925617739771321e-03
2.228866408889590943e-03
2.065274531755386875e-03
1.920323767934481451e-03
1.791800989083136217e-03
1.676784810709774009e-03
1.572198461511858372e-03
1.475210250502820113e-03
1.383495139988000786e-03
1.295382810584423455e-03
1.209912778003230036e-03
1.126806759720037259e-03
1.046361083458479269e-03
9.692630096038204988e-04
8.963463470636146230e-04
8.283207283211704202e-04
7.655271560653258145e-04
7.077791149818583047e-04
6.543361177318498135e-04
6.040265116089233235e-04
5.554998424152347803e-04
5.075606688269625622e-04
4.595248743925740256e-04
4.115458752537107397e-04
3.648736880826591433e-04
3.220250216633448181e-04
2.868512686482109042e-04
2.644925185170229529e-04
2.612025752289675782e-04
2.840276117185340185e-04
3.403250210800742013e-04
4.371236072744053860e-04
5.803532367691599742e-04
7.740088523712551410e-04
1.019352190701895309e-03
1.314281576484095312e-03
1.653001440764510690e-03
2.026089480026550208e-03
2.420992928556788600e-03
2.822902343217368552e-03
3.215876677218145602e-03
3.584050827841429171e-03
3.912757824386663315e-03
4.189437469540195635e-03
4.404264084203395740e-03
4.550487014064225240e-03
4.624522746208698833e-03
4.625860044528925553e-03
4.556841105771448734e-03
4.422369056442510167e-03
4.229573206473919919e-03
3.987445306793934059e-03
3.706447436807004496e-03
3.398087568140213417e-03
3.074462615648045159e-03
2.747779160316094274e-03
2.429875502752264910e-03
2.131780637474339161e-03
1.863351512079540516e-03
1.633026445552559353e-03
1.447719460174409301e-03
1.312860234442644446e-03
1.232562311047124669e-03
1.209883445026553508e-03
1.247130531766646932e-03
1.346158938900805487e-03
1.508621373753781967e-03
1.736132201254581833e-03
2.030326583195603621e-03
2.392807700284305204e-03
2.824988344711383201e-03
3.327844827661153530e-03
3.901611273867086702e-03
4.545450673956573200e-03
5.257144785020330911e-03
6.032846906458317823e-03
6.866938379720135925e-03
7.752020477038819996e-03
8.679058322961542837e-03
9.637674252983001455e-03
1.061656756423512947e-02
1.160401974344805846e-02
1.258843253449338020e-02
1.355884293215650800e-02
1.450536471814188426e-02
1.541951886407128859e-02
1.629443199119000665e-02
1.712489962290333206e-02
1.790732619721910335e-02
1.863956480995839285e-02
1.932068577473019036e-02
1.995070469085914733e-02
2.053029881449487670e-02
2.106053634342938685e-02
2.154263785109010801e-02
2.197778336200326144e-02
2.236697297321117717e-02
2.271094378574959813e-02
2.301014137876049997e-02
2.326474025462131265e-02
2.347470472894305771e-02
2.363987975939125380e-02
2.376010029199149970e-02
2.383530785801961024e-02
2.386566426377368863e-02
2.385165404324843599e-02
2.379416956976017697e-02
2.369457500684795520e-02
2.355474733065522977e-02
2.337709428631261702e-02
2.316455028275106812e-02
2.292055192720565335e-02
2.264899526968195895e-02
2.235417701395450707e-02
2.204072208598410049e-02
2.171350012021255535e-02
2.137753366024131366e-02
2.103790115098152017e-02
2.069963806361135167e-02
2.036763966333535181e-02
2.004656892742370800e-02
1.974077289472449953e-02
1.945421026163115380e-02
1.919039235898400281e-02
1.895233881351858496e-02
1.874254830702272445e-02
1.856298399705349350e-02
1.841507244708616778e-02
1.829971439901075317e-02
1.821730544023615964e-02
1.816776456791768107e-02
1.815056879907385803e-02
1.816479226140492106e-02
1.820914856023977957e-02
1.828203558911950868e-02
1.838158228203858047e-02
1.850569705533088721e-02
1.865211783219286948e-02
1.881846357145004062e-02
1.900228713384479254e-02
1.920112912277075617e-02
1.941257205029335575e-02
1.963429383195413117e-02
1.986411924469309170e-02
2.010006764087796799e-02
2.034039495431725492e-02
2.058362791776665451e-02
2.082858848320213313e-02
2.107440672428707862e-02
2.132052100594677632e-02
2.156666489854268051e-02
2.181284113450838655e-02
2.205928377315220096e-02
2.230641056569642941e-02
2.255476821366580314e-02
2.280497372262584380e-02
2.305765532783416241e-02
2.331339649327518471e-02
2.357268626972979647e-02
2.383587886823126251e-02
2.410316470126768612e-02
2.437455440975090648e-02
2.464987657514583833e-02
2.492878895945812787e-02
2.521080226739320571e-02
2.549531463203278184e-02
2.578165433555584807e-02
2.606912773662033514e-02
2.635706902847935462e-02
2.664488833019553610e-02
2.693211473663402120e-02
2.721843132158536030e-02
2.750369968120775985e-02
2.778797237931418529e-02
2.807149255112728614e-02
2.835468086548306732e-02
2.863811096095539646e-02
2.892247528791636740e-02
2.920854394730797859e-02
2.949711957601754836e-02
2.978899156472939944e-02
3.008489290047489106e-02
3.038546271005342081e-02
3.069121715954051255e-02
3.100253076449257725e-02
3.131962941748854534e-02
3.164259558444408593e-02
3.197138520800109351e-02
3.230585494411272046e-02
3.264579751334253932e-02
3.299098224101173343e-02
3.334119735557692504e-02
3.369629036545877115e-02
3.405620287379892974e-02
3.442099652624962258e-02
3.479086740047161730e-02
3.516614699547893769e-02
3.554728900376214612e-02
3.593484217727302421e-02
3.632941075319835733e-02
3.673160501092178482e-02
3.714198551548619776e-02
3.756100539721127923e-02
3.798895555728783874e-02
3.842591791235430709e-02
3.887173163765473421e-02
3.932597678745455155e-02
3.978797863300977122e-02
4.025683457043063157e-02
4.073146357790450450e-02
4.121067607805566080e-02
4.169325988995203902e-02
4.217807598933339536e-02
4.266415629836196877e-02
4.315079492106434905e-02
4.363762426243294329e-02
4.412466833342570255e-02
4.461236714583135393e-02
4.510156824327515857e-02
4.559348385893622485e-02
4.608961471028640705e-02
4.659164386295727711e-02
4.710130631671571866e-02
4.762024194402831451e-02
4.814984113381277214e-02
4.869109393535146768e-02
4.924445458130634334e-02
4.980973383083447253e-02
5.038603136029416729e-02
5.097171912762050311e-02
5.156448395219329073e-02
5.216143332241391511e-02
5.275926276824957628e-02
5.335447647745832772e-02
5.394364602765879674e-02
5.452368624737632258e-02
5.509212341936509799e-02
