9.669475878972123573e-01
9.649463048330493287e-01
9.615556774190099354e-01
9.566955385716945370e-01
9.502588505295289645e-01
9.421170252474817541e-01
9.321268825947174319e-01
9.201392335519481547e-01
9.060089688436513411e-01
8.896063786005038443e-01
8.708292334422458314e-01
8.496149402635800874e-01
8.259518773538402359e-01
7.998888540785147327e-01
7.715415762019969259e-01
7.410950709919386092e-01
7.088012624356989644e-01
6.749712845544767470e-01
6.399626440373639147e-01
6.041619246565371748e-01
5.679642795364859831e-01
5.317514024062897082e-01
4.958699547297486521e-01
4.606125502162360941e-01
4.262034096502875236e-01
3.927907675802279064e-01
3.604480655897873698e-01
3.291857849732248154e-01
2.989750753142331186e-01
2.697824736567304149e-01
2.416113677299461249e-01
2.145406973929728234e-01
1.887469433342555125e-01
1.644959618995208706e-01
1.421001901150715785e-01
1.218521492248428872e-01
1.039579697128586583e-01
8.849517038788951018e-02
7.540628900203449891e-02
6.452340962996132301e-02
5.560860669457211997e-02
4.839509480583045059e-02
4.261969090403584792e-02
3.804374364806483583e-02
3.446398582636468061e-02
3.171648885437457210e-02
2.967697385009758493e-02
2.826018107466786097e-02
2.742049683152074022e-02
2.715596703799902714e-02
2.751849383205530811e-02
2.863491818262970875e-02
3.074795236579848726e-02
3.429507155384512590e-02
4.006304203026959249e-02
4.949626381456838364e-02
6.530582015146593755e-02
9.251974104379208363e-02
1.390555225353431734e-01
2.080898417824882940e-01
2.661996593077753936e-01
2.551302948475154264e-01
1.991257951845555318e-01
1.482938782723448312e-01
1.137646072819072096e-01
9.148606639324649570e-02
7.691463251595324901e-02
6.712901234387173843e-02
6.041039211298740441e-02
5.574917586817577236e-02
5.254234907146956152e-02
5.042625562727681005e-02
4.918599562532650904e-02
4.870720293596002282e-02
4.895263583532909885e-02
4.995549875739411366e-02
5.182715292086356035e-02
5.478107272182870108e-02
5.917795916363739750e-02
6.559350227875430928e-02
7.486738940598605674e-02
8.784545481138883449e-02
1.034558669857980340e-01
1.119524435992872158e-01
9.383617472742987464e-02
5.708427174331123788e-02
3.011717768041546200e-02
1.686526365652496473e-02
1.121077519418274722e-02
9.055798089211768501e-03
8.499618402394002251e-03
8.712066895964569110e-03
9.333578383451796717e-03
1.021788201045924563e-02
1.132537797690055456e-02
1.268082657668143445e-02
1.436041262625288410e-02
1.649268075715991030e-02
1.925856307550802282e-02
2.284897062458030384e-02
2.724592992188156620e-02
3.155213000888238556e-02
3.316023454765846395e-02
2.958419266179971793e-02
2.270498753338887760e-02
1.638891495743944118e-02
1.207636210040500396e-02
9.454421888672253152e-03
7.935639932937030988e-03
7.100599914215586020e-03
6.704294839048425755e-03
6.616457172303697419e-03
6.777375299948903802e-03
7.173067844576683748e-03
7.822692280662313716e-03
8.771853474375548854e-03
1.008606468523542792e-02
1.183706946522054132e-02
1.407194793252610973e-02
1.675628996273052090e-02
1.970136790996298085e-02
2.253020316910480519e-02
2.476700299876634370e-02
2.605082633399077169e-02
2.631078539904215322e-02
2.574687599644878699e-02
2.466987925383760591e-02
2.335797931959158677e-02
2.200007931056052746e-02
2.070119640055649232e-02
1.950849916836152123e-02
1.843565952982210987e-02
1.747961444807901235e-02
1.663064408691919405e-02
1.587805187541550464e-02
1.521327880176574256e-02
1.463151834157585748e-02
1.413223238274464652e-02
1.371847593516639478e-02
1.339471448406821287e-02
1.316307546153422901e-02
1.301885210164813698e-02
1.294717595127166908e-02
1.292299497348747828e-02
1.291499574695630786e-02
1.289173188739832152e-02
1.282705425744133307e-02
1.270291371637049388e-02
1.250951508903691556e-02
1.224400961778042071e-02
1.190899397048571055e-02
1.151157679855356955e-02
1.106325196530629981e-02
1.058048990229241287e-02
1.008578067135282655e-02
9.608729980953972447e-03
9.186661799809911488e-03
8.864037554140172942e-03
8.689972940127816542e-03
8.713398476792292083e-03
8.976113730082885614e-03
9.505043686989490814e-03
1.030595052638847917e-02
1.136097317842421975e-02
1.263124480865539766e-02
1.406388823851219966e-02
1.560101922636393697e-02
1.718794603780687824e-02
1.877859263463777656e-02
2.033755978641646825e-02
2.183936386507899508e-02
2.326589746671179834e-02
2.460313779882486451e-02
2.583786881543658626e-02
2.695491268741779037e-02
2.793518984103454325e-02
2.875484480761130585e-02
2.938563090498781324e-02
2.979666595806237592e-02
2.995749443109860938e-02
2.984210792259120101e-02
2.943325216917187445e-02
2.872612343097727741e-02
2.773058238836203712e-02
2.647135481080758676e-02
2.498625155438935139e-02
2.332300022529642386e-02
2.153560509498133463e-02
1.968113547140319664e-02
1.781754842706866071e-02
1.600274257661926311e-02
1.429467268052009472e-02
1.275211473879441643e-02
1.143556657111525522e-02
1.040776778807039026e-02
9.733391108251764415e-03
9.477577489219075890e-03
9.703161797686810780e-03
1.046666916268159178e-02
1.181344456469115775e-02
1.377256731248095722e-02
1.635242046360081344e-02
1.953783972428021695e-02
2.328958845084531937e-02
2.754649669842132789e-02
3.223005622933902692e-02
3.725074105122410523e-02
4.251498781098869001e-02
4.793171610620543949e-02
5.341748336842073314e-02
5.889975194228357774e-02
6.431816372983827079e-02
6.962406070364089705e-02
7.477870305706216247e-02
7.975071988391545241e-02
8.451331187649191445e-02
8.904165167078631482e-02
9.331082674683217892e-02
9.729455936875690270e-02
1.009648232166571041e-01
1.042923575845076667e-01
1.072479604597745551e-01
1.098043321220113638e-01
1.119381591551723426e-01
1.136320949976137029e-01
1.148763206509805651e-01
1.156694566096279353e-01
1.160187259140545019e-01
1.159394075117279183e-01
1.154537357955377486e-01
1.145894721975875274e-01
1.133783895371754946e-01
1.118548764858161848e-01
1.100548051497547836e-01
1.080147292429575606e-01
1.057714102519637656e-01
1.033616148602828494e-01
1.008220930569255214e-01
9.818963271495723122e-02
9.550109048379031018e-02
9.279331711578148179e-02
9.010292400455038875e-02
8.746587251959314635e-02
8.491690384980367379e-02
8.248885916339721014e-02
8.021196269726495187e-02
7.811314984750189483e-02
7.621551677131774283e-02
7.453794886104964101e-02
7.309495708764973676e-02
7.189671984746644207e-02
7.094929996722518228e-02
7.025498686830515538e-02
6.981270505477783772e-02
6.961843196863720662e-02
6.966557874274144357e-02
6.994530331511383814e-02
7.044674344508453090e-02
7.115717456414359654e-02
7.206211199729189998e-02
7.314538749679501406e-02
7.438923539033934218e-02
7.577442355882103853e-02
7.728045896776028489e-02
7.888588715473628110e-02
8.056869113141051919e-02
8.230677944263786738e-02
8.407853795732403435e-02
8.586340777109434386e-02
8.764244442263678658e-02
8.939881266118854253e-02
9.111817631940544171e-02
9.278895337909501273e-02
9.440242015411257070e-02
9.595266336665791984e-02
9.743639260408464009e-02
9.885263658574235113e-02
1.002023539428422011e-01
1.014879926365936380e-01
1.027130320862457424e-01
1.038815392536207582e-01
1.049977651491205838e-01
1.060658022528536831e-01
1.070893168204078982e-01
1.080713634580185711e-01
1.090142830807975388e-01
1.099196797080626842e-01
1.107884667552192642e-01
1.116209697724233202e-01
1.124170701307710685e-01
1.131763730669821805e-01
1.138983837623586681e-01
1.145826766227530796e-01
1.152290453963002448e-01
1.158376248794470292e-01
1.164089783460811739e-01
1.169441481355809886e-01
1.174446697696614472e-01
1.179125523527256858e-01
1.183502297723669910e-01
1.187604883749589363e-01
1.191463774271838000e-01
1.195111088949714351e-01
1.198579529776527680e-01
1.201901355012376937e-01
1.205107427405713583e-01
1.208226385173016559e-01
1.211283975071656832e-01
1.214302575890560398e-01
1.217300928043545255e-01
1.220294071246550288e-01
1.223293478383552513e-01
1.226307360743345981e-01
1.229341109030941820e-01
1.232397826970755422e-01
1.235478910633206473e-01
1.238584627070287297e-01
1.241714650168650458e-01
1.244868519104337240e-01
1.248045994394447744e-01
1.251247297158700200e-01
1.254473227769650201e-01
1.257725169736266801e-01
1.261004992861115281e-01
1.264314876139097932e-01
1.267657075438728687e-01
1.271033663755578857e-01
1.274446272811364522e-01
1.277895864017221383e-01
1.281382554306439159e-01
1.284905518037952332e-01
1.288462980106063194e-01
1.292052307740887973e-01
1.295670199645986287e-01
1.299312961745510142e-01
1.302976849773564427e-01
1.306658451226258566e-01
1.310355073775320844e-01
1.314065104875163925e-01
1.317788308397250530e-01
1.321526028673346842e-01
1.325281279857510319e-01
1.329058708199557237e-01
1.332864425622727333e-01
1.336705723836017767e-01
1.340590688125620489e-01
1.344527738217867752e-01
1.348525129704660763e-01
1.352590453217999145e-01
1.356730169744551628e-01
1.360949219181035730e-01
1.365250735476414290e-01
1.369635895536135961e-01
1.374103920581927207e-01
1.378652238103892647e-01
1.383276800360888625e-01
1.387972542313576918e-01
1.392733948932313726e-01
1.397555690257219208e-01
1.402433273726887142e-01
1.407363658351104274e-01
1.412345775166182482e-01
1.417380903463236197e-01
1.422472862299913876e-01
1.427627990989635554e-01
1.432854909332940962e-01
1.438164066765840743e-01
1.443567107752987133e-01
1.449076097192517620e-01
1.454702663128220885e-01
1.460457123770607935e-01
1.466347671040994782e-01
1.472379683064326261e-01
1.478555232864675606e-01
1.484872849728348376e-01
1.491327573329112310e-01
1.497911319248894924e-01
1.504613549089142133e-01
1.511422210784966191e-01
1.518324887475057394e-01
1.525310069190896900e-01
1.532368443525775614e-01
1.539494091658765162e-01
1.546685476105219559e-01
1.553946116730145488e-01
1.561284871202473501e-01
1.568715763607393954e-01
1.576257338218977067e-01
1.583931552081560834e-01
1.591762257729487373e-01
1.599773363988834518e-01
1.607986796459876799e-01
1.616420408118143803e-01
1.625086012352940645e-01
1.633987722982647162e-01
1.643120784993869210e-01
1.652471062310010008e-01
1.662015311781973315e-01
1.671722314743920579e-01
1.681554861217953167e-01
1.691472493782902875e-01
1.701434828841649205e-01
1.711405195413279179e-01
