1.170488869801480369e+00
1.169773434392548106e+00
1.168539233329501714e+00
1.166724506343643331e+00
1.164244840040989715e+00
1.160995534874430968e+00
1.156855041465501222e+00
1.151689662626116384e+00
1.145359658869193220e+00
1.137726785636811622e+00
1.128663131074189918e+00
1.118060921958729192e+00
1.105842739053499724e+00
1.091971357765587181e+00
1.076458239347240164e+00
1.059369578578588156e+00
1.040828797207087542e+00
1.021014474775697733e+00
1.000152923621829615e+00
9.785049125863330977e-01
9.563463794353368463e-01
9.339433079025604156e-01
9.115212870566545833e-01
8.892307099150535965e-01
8.671093224195151050e-01
8.450452553864032934e-01
8.227461647959727342e-01
7.997238424459988115e-01
7.753079776495087616e-01
7.487052829278467714e-01
7.191163686284358647e-01
6.859072497521201406e-01
6.488042512812179918e-01
6.080508857183670735e-01
5.644557156104773599e-01
5.192909192877391833e-01
4.740647926158552683e-01
4.302489257045073456e-01
3.890531279816696886e-01
3.513048829295792319e-01
3.174366719122232450e-01
2.875476270462946071e-01
2.614969499595033442e-01
2.389966146716890616e-01
2.196863877085376560e-01
2.031865600978404462e-01
1.891306644618014621e-01
1.771829335292345875e-01
1.670452168595191744e-01
1.584569367499113479e-01
1.511901607307015172e-01
1.450401208490714189e-01
1.398090641141536972e-01
1.352767954818571428e-01
1.311411411283781858e-01
1.268868224541263579e-01
1.214810607937751169e-01
1.126757733446336895e-01
9.574772055952607275e-02
6.399863228709813667e-02
2.255008505735472610e-02
1.427584963073639471e-03
8.010341216935961198e-03
2.279546282308191757e-02
3.573793784342788743e-02
4.540339062498363609e-02
5.247670023351194701e-02
5.776070367949365236e-02
6.184870069585467200e-02
6.514541209991714377e-02
6.792756609995787009e-02
7.039113897611770643e-02
7.268292516389722457e-02
7.492127553818812846e-02
7.721009386864505220e-02
7.964845347222250516e-02
8.233621066326451965e-02
8.537250520820999222e-02
8.883499197595154384e-02
9.270029715102336143e-02
9.658010223509266856e-02
9.889462707512018669e-02
9.468865549907663770e-02
7.364426651662890622e-02
3.466548620319366558e-02
6.293569773650251227e-03
8.104340209223263305e-04
5.751066112519557898e-03
1.272394978882878704e-02
1.923027124969070925e-02
2.487567260321164528e-02
2.980953278901482539e-02
3.428531742993365383e-02
3.855914250577478775e-02
4.288014126191382058e-02
4.750417766525776020e-02
5.270982729510181874e-02
5.879944996803326829e-02
6.603980542006820942e-02
7.440259810819054020e-02
8.275276930228232797e-02
8.712685941147543800e-02
8.028000707519403201e-02
5.972755259736129557e-02
3.581300765850489037e-02
1.870399466428793178e-02
9.270094651410864042e-03
4.736304499795639979e-03
2.807673697627997584e-03
2.181719118498438425e-03
2.191168885916306309e-03
2.502004710549165026e-03
2.946546179148553605e-03
3.439089585170218479e-03
3.933115266085554680e-03
4.398190810273742805e-03
4.805851126373121042e-03
5.119740550324870972e-03
5.289584042974890959e-03
5.253135021492711179e-03
4.953852382704755815e-03
4.376789786390502916e-03
3.582974966182925387e-03
2.703317490500185393e-03
1.881785769163653961e-03
1.214563104165578607e-03
7.320193493272312982e-04
4.186306155709959456e-04
2.406211921617520315e-04
1.639679178111807048e-04
1.617683262294231550e-04
2.154689339143356407e-04
3.136566839408166268e-04
4.502627078355817534e-04
6.228042025026989852e-04
8.307094437940817835e-04
1.073561737180908117e-03
1.349106993897101862e-03
1.651075656898208900e-03
1.967286428567443200e-03
2.279000270172787130e-03
2.562645171335005325e-03
2.794257851946405861e-03
2.955311442913442430e-03
3.037251482165608148e-03
3.042547405958417103e-03
2.982210001129055946e-03
2.871620392280474238e-03
2.726764788942659910e-03
2.561972592134639098e-03
2.389181455537931799e-03
2.218227691035484610e-03
2.057619422152128473e-03
1.915404195987227640e-03
1.799893158398421008e-03
1.720085122754738335e-03
1.685658717101961830e-03
1.706414019215455029e-03
1.791101798722986426e-03
1.945725110081500701e-03
2.171636847797062380e-03
2.464003912793441727e-03
2.811294614880535583e-03
3.196216256846035747e-03
3.598007285253936646e-03
3.995435120758805171e-03
4.369601062266953613e-03
4.705840401103660031e-03
4.994463729769743100e-03
5.230520309781228235e-03
5.412985384615864697e-03
5.543772200275916273e-03
5.626845190122624352e-03
5.667565167767813807e-03
5.672285308651978976e-03
5.648149334973224384e-03
5.603010717757633992e-03
5.545381470818918843e-03
5.484324848598187870e-03
5.429227949615433174e-03
5.389429476492715344e-03
5.373731115468717567e-03
5.389874590550716195e-03
5.444098995974031192e-03
5.540885906702828871e-03
5.682950536759061658e-03
5.871464574001101708e-03
6.106430799027661241e-03
6.387095872586719646e-03
6.712292120562566786e-03
7.080630688375421852e-03
7.490509170246318141e-03
7.939932809240581035e-03
8.426174321767898601e-03
8.945315196292819362e-03
9.491725720709507166e-03
1.005755564618125014e-02
1.063232229470443581e-02
1.120269361942966176e-02
1.175256232006392267e-02
1.226348513658008337e-02
1.271551444605880689e-02
1.308838154537432866e-02
1.336291753939509303e-02
1.352254099563089500e-02
1.355462247284128056e-02
1.345156384971371404e-02
1.321149662359065446e-02
1.283858496082504984e-02
1.234298896740508404e-02
1.174058149341429200e-02
1.105251180884554360e-02
1.030467896737810238e-02
9.527131560560755247e-03
8.753365148853336705e-03
8.019457360310526875e-03
7.362972427533553445e-03
6.821586122955716064e-03
6.431428235840146342e-03
6.225207015534958699e-03
6.230256185249219598e-03
6.466712139002687293e-03
6.946065892032489072e-03
7.670323563411730189e-03
8.631943427101577623e-03
9.814605483473676575e-03
1.119473535292519334e-02
1.274358114300537526e-02
1.442956038025672641e-02
1.622057165055237893e-02
1.808600170906424220e-02
1.999823730898167562e-02
2.193358782848056285e-02
2.387261702676067923e-02
2.579995437382864160e-02
2.770370214681101145e-02
2.957457531916304547e-02
3.140491290243929007e-02
3.318768843509968536e-02
3.491562898702482015e-02
3.658052940028496541e-02
3.817282269350631696e-02
3.968143896342308380e-02
4.109395441496149770e-02
4.239700122743129268e-02
4.357688107217073253e-02
4.462030424755653729e-02
4.551516617805446280e-02
4.625127531410815063e-02
4.682096061010608545e-02
4.721950955957568419e-02
4.744541437600098555e-02
4.750042917188412872e-02
4.738946078905417747e-02
4.712032802430617812e-02
4.670342816298160560e-02
4.615134737803500836e-02
4.547844496338274145e-02
4.470043300027712330e-02
4.383396497943429365e-02
4.289624053317309810e-02
4.190462945915379017e-02
4.087631668488503345e-02
3.982797028423099711e-02
3.877543635642988207e-02
3.773346662779355348e-02
3.671548619470241248e-02
3.573340925243912586e-02
3.479750962091626015e-02
3.391635042186719184e-02
3.309677375047919562e-02
3.234394720994372002e-02
3.166146040300481940e-02
3.105146147879086008e-02
3.051482199576268164e-02
3.005131781618877035e-02
2.965981440221170454e-02
2.933844648824361981e-02
2.908478433496504770e-02
2.889598130114725411e-02
2.876890001959364618e-02
2.870021681157542207e-02
2.868650595416800606e-02
2.872430690285824456e-02
2.881017847673618751e-02
2.894074427950638073e-02
2.911273324810561766e-02
2.932301824866041448e-02
2.956865421128604746e-02
2.984691562118473723e-02
3.015533152852592838e-02
3.049171488316651177e-02
3.085418218621995001e-02
3.124115933916111337e-02
3.165137020725516254e-02
3.208380571898467731e-02
3.253767311329851947e-02
3.301232697204548039e-02
3.350718566710376295e-02
3.402163856700205630e-02
3.455495059971297467e-02
3.510617144206694407e-02
3.567405665828964068e-02
3.625700755662521896e-02
3.685303543381650282e-02
3.745975432139934252e-02
3.807440444308071714e-02
3.869390646035909126e-02
3.931494435797455028e-02
3.993407264806899531e-02
4.054784160840460561e-02
4.115293267468059235e-02
4.174629502864266734e-02
4.232527398282253522e-02
4.288772203236110997e-02
4.343208443376662259e-02
4.395745281712593738e-02
4.446358251121891592e-02
4.495087177580862903e-02
4.542030377866333041e-02
4.587335471216633792e-02
4.631187372569763733e-02
4.673794220730424775e-02
4.715372128230635451e-02
4.756129715385237766e-02
4.796253407330896418e-02
4.835894430351368040e-02
4.875158344843091157e-02
4.914097800619232626e-02
4.952709001568180586e-02
4.990932129491709723e-02
5.028655713508272534e-02
5.065724658121109614e-02
5.101951379950522142e-02
5.137129272265628793e-02
5.171047539330631687e-02
5.203506337105652524e-02
5.234331134380460632e-02
5.263385271754809913e-02
5.290579838523727652e-02
5.315880194672790993e-02
5.339308716106411223e-02
5.360943612565548244e-02
5.380913936938854641e-02
5.399391153020472595e-02
5.416577842728592662e-02
5.432694305349775737e-02
5.447963926796042106e-02
5.462598274730900288e-02
5.476782904520523937e-02
5.490664838841911172e-02
5.504342606557982576e-02
5.517859590135217041e-02
5.531201233826676944e-02
5.544296410975026873e-02
5.557022950163773012e-02
5.569216997908064959e-02
5.580685579566159460e-02
5.591221444038286387e-02
5.600619074328577751e-02
5.608690640629554469e-02
5.615280678238194351e-02
5.620278387217353400e-02
5.623626657579261501e-02
5.625327195331873004e-02
5.625441428373367109e-02
5.624087175663664701e-02
5.621431343723956586e-02
5.617679156371989391e-02
5.613060621512629134e-02
5.607815094727925526e-02
5.602174917963452516e-02
5.596349195052719577e-02
5.590508810134776213e-02
5.584773788343571493e-02
5.579204022666067048e-02
5.573794228086147162e-02
5.568473722584080243e-02
5.563111277798539478e-02
5.557524854153397115e-02
5.551495580741732522e-02
5.544784918587034733e-02
5.537153619269896687e-02
5.528380910058874886e-02
5.518282328357133892e-02
5.506724788465212211e-02
5.493637759051553382e-02
5.479019806735917902e-02
5.462940159713040172e-02
5.445535313204540040e-02
5.427001002373483401e-02
5.407580098685653425e-02
5.387547155018285877e-02
5.367190459651684925e-02
5.346792588483406661e-02
5.326610586454348650e-02
5.306857059731449194e-02
5.287683589081246249e-02
5.269167927607201762e-02
5.251306357455907264e-02
5.234012295944374255e-02
5.217121743008482082e-02
5.200405484210041118e-02
