1.230057143198836744e+00
1.231310650139241014e+00
1.233377642851520628e+00
1.236224901915771834e+00
1.239806218682285577e+00
1.244063100633798546e+00
1.248926220900983486e+00
1.254317951765494765e+00
1.260156323236972131e+00
1.266360704765390865e+00
1.272859413849506849e+00
1.279599305343557036e+00
1.286557190264189243e+00
1.293752680769545416e+00
1.301261774803909477e+00
1.309230201788959214e+00
1.317885271482187592e+00
1.327544712586821385e+00
1.338620743068917429e+00
1.351617333546511146e+00
1.367118227104521466e+00
1.385762667332356868e+00
1.408204905836214937e+00
1.435052507665230292e+00
1.466777688001748681e+00
1.503596455500249451e+00
1.545314168530550480e+00
1.591146083665889055e+00
1.639540337477463083e+00
1.688058197887264633e+00
1.733393631179282135e+00
1.771619762971143874e+00
1.798704695318073865e+00
1.811231153122301762e+00
1.807121780126400790e+00
1.786104941859207207e+00
1.749731455452149698e+00
1.700946579810963533e+00
1.643408455918296207e+00
1.580807316438072485e+00
1.516369301771865352e+00
1.452603976672430353e+00
1.391257275024147200e+00
1.333391886318128883e+00
1.279521774074287022e+00
1.229750803045291940e+00
1.183888911654259912e+00
1.141535357997765399e+00
1.102126605890312527e+00
1.064948091224111604e+00
1.029105810187696646e+00
9.934451760817487598e-01
9.563879869381485266e-01
9.156261538311271098e-01
8.675480480077337742e-01
8.061597374981542830e-01
7.211371859473512114e-01
5.951005646770334279e-01
4.052706771979095457e-01
1.595035561097356835e-01
4.894318723839160418e-03
1.226015279919272227e-01
3.657833337635535975e-01
5.555734789359338954e-01
6.725645424303176023e-01
7.418453086910004046e-01
7.833832263908122595e-01
8.087005835883721572e-01
8.241262073202840766e-01
8.331643933148689118e-01
8.377764183048213020e-01
8.390371732626944468e-01
8.374652883293203232e-01
8.331763065247960176e-01
8.259254010631249532e-01
8.150585367905324174e-01
7.993541561194976719e-01
7.766921211455132257e-01
7.434116619098943834e-01
6.930994274840046598e-01
6.144892947886875234e-01
4.892354730284638187e-01
2.990383348797995278e-01
8.443598828051249172e-02
4.264934602954564141e-02
2.598014984009086592e-01
5.119419392517654543e-01
6.841332661157203399e-01
7.906561706090108332e-01
8.597319256035500512e-01
9.091950197252297583e-01
9.490179756493286600e-01
9.849920154991343990e-01
1.020836601504665042e+00
1.059269827026265043e+00
1.102503624677922955e+00
1.152313018987098925e+00
1.209489675108572193e+00
1.271894995327093714e+00
1.329077996465621636e+00
1.349903749992623636e+00
1.266095473107167857e+00
9.984065530317174364e-01
5.938310588534082557e-01
2.509077195160221430e-01
7.074570246739696200e-02
1.023758192889140904e-02
7.234070656462044009e-03
2.578267660936796324e-02
4.969584555131335846e-02
7.240414371460421328e-02
9.144195390117346167e-02
1.059763566900297216e-01
1.157501958296445060e-01
1.206337952018646659e-01
1.204470100367154572e-01
1.149319978297829170e-01
1.038674949821025428e-01
8.737427623593152504e-02
6.644383470203919784e-02
4.352600755589546705e-02
2.261075514199920033e-02
8.105901480685715615e-03
2.773643821413000234e-03
6.401814184694367901e-03
1.642050841591681520e-02
2.960886529231710612e-02
4.337092862363748497e-02
5.610186053298220343e-02
6.700898076391301195e-02
7.580358011684619479e-02
8.245265880444128948e-02
8.702356888702167392e-02
8.960074139612482502e-02
9.024917828968156974e-02
8.900842024008005782e-02
8.590968974007104353e-02
8.101386396038363913e-02
7.446690337617578592e-02
6.656076795063305129e-02
5.777352738500518559e-02
4.875291227896250829e-02
4.022097117252446119e-02
3.282058250455278936e-02
2.697036802029807723e-02
2.279774178797936909e-02
2.017102496916770710e-02
1.879497436694766224e-02
1.831480058836822133e-02
1.839208607496920292e-02
1.874388528168437554e-02
1.915344769672272865e-02
1.946520843716633906e-02
1.957402924339356892e-02
1.941454517704102947e-02
1.895323311276763192e-02
1.818378946471648633e-02
1.712518226855372708e-02
1.582092148006882665e-02
1.433754936658943394e-02
1.276029609865315592e-02
1.118463026128467368e-02
9.704151331867617858e-03
8.397328488033680219e-03
7.316799956240729527e-03
6.484359383279267135e-03
5.892576328342941441e-03
5.511548518323241760e-03
5.297925419524620108e-03
5.203483854166294185e-03
5.181621512942637120e-03
5.191337078165145225e-03
5.199072363662979833e-03
5.179110898747486813e-03
5.113204470125472072e-03
4.989917533322041007e-03
4.803964870725902815e-03
4.555630802480108155e-03
4.250220495158570262e-03
3.897414984518544467e-03
3.510390298762766214e-03
3.104621390614140976e-03
2.696408776655266105e-03
2.301297838629734992e-03
1.932648442070765329e-03
1.600609275944567559e-03
1.311653391942116213e-03
1.068682914087945579e-03
8.715767362620996730e-04
7.179830733534244089e-04
6.041589166674476074e-04
5.257088497462716675e-04
4.781434333096374581e-04
4.572367879289579982e-04
4.592024862345471720e-04
4.807264386066649898e-04
5.189008934611855518e-04
5.711015291185061364e-04
6.348445827459258100e-04
7.076552118630006268e-04
7.869719581103344760e-04
8.701044438835028871e-04
9.542516476662867399e-04
1.036576785591610201e-03
1.114323912156799275e-03
1.184953592107062690e-03
1.246272674123247550e-03
1.296536904743800971e-03
1.334513339799286644e-03
1.359499296382823356e-03
1.371302904339816815e-03
1.370195218111345007e-03
1.356844949753526755e-03
1.332245062183021666e-03
1.297637194266458528e-03
1.254436614079110961e-03
1.204158140406475820e-03
1.148342740901122467e-03
1.088485331621068860e-03
1.025966291272045880e-03
9.619916774965201877e-04
8.975492098056032106e-04
8.333878712918340323e-04
7.700278322962716753e-04
7.078041744987000235e-04
6.469431034366892024e-04
5.876640507448604653e-04
5.302965800075279878e-04
4.753983909755751889e-04
4.238604434536707272e-04
3.769870726406007971e-04
3.365422015331396275e-04
3.047564668116333961e-04
2.842935359739587613e-04
2.781767576635571526e-04
2.896795939528692444e-04
3.221853216381613690e-04
3.790235923097341167e-04
4.632937892542688578e-04
5.776876080693602858e-04
7.243254843550850667e-04
9.046227036156166169e-04
1.119200481842487884e-03
1.367854404094689079e-03
1.649587205915635122e-03
1.962705465713335002e-03
2.304971467343429857e-03
2.673793822578113093e-03
3.066434950996282851e-03
3.480211302043013846e-03
3.912663623464615256e-03
4.361679172935751907e-03
4.825554463257475044e-03
5.302994603623190605e-03
5.793052352491306900e-03
6.295015814154646637e-03
6.808257930331548628e-03
7.332063552711843950e-03
7.865451146713662786e-03
8.407006307968895031e-03
8.954743408543498762e-03
9.506009830782070902e-03
1.005744430744579844e-02
1.060499680445640101e-02
1.114401224307959119e-02
1.166937449221706717e-02
1.217570106523581733e-02
1.265757361841440831e-02
1.310978549166795862e-02
1.352758581073008372e-02
1.390690039131974726e-02
1.424451271866896199e-02
1.453819307503946730e-02
1.478676962984024588e-02
1.499014108736229124e-02
1.514923551743852827e-02
1.526592374104603078e-02
1.534289788162556192e-02
1.538352648097090006e-02
1.539169717296567409e-02
1.537165666481716750e-02
1.532785605745843813e-02
1.526480765387258631e-02
1.518695758117331179e-02
1.509857692654703251e-02
1.500367272201430686e-02
1.490591901937804963e-02
1.480860745465982162e-02
1.471461607692472334e-02
1.462639477340223551e-02
1.454596532864631427e-02
1.447493398326714711e-02
1.441451428597434296e-02
1.436555804363829660e-02
1.432859225255542386e-02
1.430386002620139853e-02
1.429136370753084952e-02
1.429090855541746696e-02
1.430214561452879639e-02
1.432461260680371364e-02
1.435777191336257835e-02
1.440104494203411911e-02
1.445384239234527406e-02
1.451559013147126452e-02
1.458575057556473625e-02
1.466383962497007538e-02
1.474943932318492114e-02
1.484220649354484056e-02
1.494187765286810084e-02
1.504827051037359135e-02
1.516128234079782561e-02
1.528088548523133874e-02
1.540712019737059194e-02
1.554008503271375567e-02
1.567992498711164376e-02
1.582681763679123083e-02
1.598095761480913812e-02
1.614253987141943403e-02
1.631174229417615973e-02
1.648870839000282640e-02
1.667353083739201922e-02
1.686623678576373506e-02
1.706677579808122888e-02
1.727501129405633121e-02
1.749071625120838733e-02
1.771357376016436877e-02
1.794318281270098139e-02
1.817906943292284944e-02
1.842070295355940218e-02
1.866751690419875612e-02
1.891893363404718517e-02
1.917439146054119095e-02
1.943337284262873846e-02
1.969543185183483119e-02
1.996021908314692811e-02
2.022750213558325433e-02
2.049717991619120355e-02
2.076928928780857192e-02
2.104400298407836309e-02
2.132161823529289332e-02
2.160253615382862202e-02
2.188723257732868091e-02
2.217622171583497406e-02
2.247001455013832374e-02
2.276907444072343370e-02
2.307377279370089254e-02
2.338434786194266632e-02
2.370086981140232321e-02
2.402321503372129019e-02
2.435105232081866133e-02
2.468384292692429524e-02
2.502085573307616384e-02
2.536119772293734392e-02
2.570385882746967221e-02
2.604776897924433038e-02
2.639186404093362900e-02
2.673515625928689007e-02
2.707680416846369384e-02
2.741617652867341104e-02
2.775290500346124650e-02
2.808692086655201550e-02
2.841847204673575086e-02
2.874811817784274706e-02
2.907670289764679658e-02
2.940530429828110831e-02
2.973516604190801216e-02
3.006761311173024309e-02
3.040395739241745846e-02
3.074539921555705796e-02
3.109293163192925619e-02
3.144725445329554780e-02
3.180870500191754907e-02
3.217721196090180674e-02
3.255227766955077345e-02
3.293299260545694274e-02
3.331808363526424233e-02
3.370599497551740598e-02
3.409499786500208574e-02
3.448332199740575948e-02
3.486929915957095311e-02
3.525150764204307979e-02
3.562890514744461445e-02
3.600093829475497359e-02
3.636761839931083179e-02
3.672955581268239067e-02
3.708794840849024416e-02
3.744452341069731682e-02
3.780143531046901983e-02
3.816112582317474772e-02
3.852615453697567222e-02
3.889901105361948802e-02
3.928192105196109951e-02
3.967665986010718987e-02
4.008438779152136144e-02
4.050552156387113301e-02
4.093965533142797375e-02
4.138554289184984136e-02
4.184114916169102971e-02
4.230377390235600527e-02
4.277024409073431482e-02
4.323716385948623425e-02
4.370120357797694505e-02
4.415940363742083125e-02
