1.062893399536376515e+00
1.061180753037380242e+00
1.058274008468835570e+00
1.054096695491364422e+00
1.048545911469422220e+00
1.041496675399173011e+00
1.032807747620472671e+00
1.022328978417500700e+00
1.009910156298279515e+00
9.954111840690247348e-01
9.787132234647851758e-01
9.597302323859113748e-01
9.384200991112754409e-01
9.147943919905425769e-01
8.889256342238828212e-01
8.609510231464229113e-01
8.310716714804878835e-01
7.995467606411714723e-01
7.666824394249451835e-01
7.328158221456346766e-01
6.982949681541319453e-01
6.634561940656004131e-01
6.286004469093607883e-01
5.939707711921576871e-01
5.597332163806633121e-01
5.259639671516117554e-01
4.926460985261686409e-01
4.596800067174606208e-01
4.269116408595027279e-01
3.941809483110276791e-01
3.613879120270862555e-01
3.285646073567067837e-01
2.959313850839216942e-01
2.639105614659942312e-01
2.330800442347174817e-01
2.040731350450721016e-01
1.774571258206403268e-01
1.536338486690571603e-01
1.327922133721315401e-01
1.149164969792868807e-01
9.983278723731635329e-02
8.726930940403285208e-02
7.691182021373614563e-02
6.844489743734619158e-02
6.157781785868465807e-02
5.605790325486190856e-02
5.167542384112942810e-02
4.826376995861355462e-02
4.569771960144988765e-02
4.389183190904993176e-02
4.280052890523972087e-02
4.242137566356080774e-02
4.280348302889460527e-02
4.406384626649167968e-02
4.641535650192922524e-02
5.020805520737706834e-02
5.596329040141553857e-02
6.425934459877433169e-02
7.479623819705595589e-02
8.270164558590967219e-02
7.472805230887719086e-02
4.871099907540105134e-02
2.531535939320994286e-02
1.271625774162372588e-02
7.063648862840748999e-03
4.713567665576321591e-03
3.852366703541302770e-03
3.670525275381039589e-03
3.806309367821141942e-03
4.094840614598806508e-03
4.460871270948153604e-03
4.872199178916132578e-03
5.318926903026829391e-03
5.804300802633611568e-03
6.341222411789939478e-03
6.952066269390524446e-03
7.671119862479768708e-03
8.549949123255490280e-03
9.666593482305040758e-03
1.113869088337093687e-02
1.313182913926001609e-02
1.580515026800073664e-02
1.892617381886308250e-02
2.054935695448029814e-02
1.688886477427975832e-02
9.653708277689569683e-03
4.426373398576703699e-03
1.900614361620932323e-03
8.442904041821676971e-04
4.504054195407298697e-04
3.507022053174554108e-04
3.891510152682232243e-04
5.044541384231275528e-04
6.819734084069405339e-04
9.374571412449774583e-04
1.317414729321593828e-03
1.913282324437769926e-03
2.894336843369177403e-03
4.570677257815014549e-03
7.492640052210888454e-03
1.251178245117387858e-02
2.036106095151530779e-02
2.982949956132425681e-02
3.632874662596125709e-02
3.677064083761415886e-02
3.340722958199850851e-02
2.933705742610447434e-02
2.588350628138449266e-02
2.327253146437044742e-02
2.139400933843500774e-02
2.009265276646286097e-02
1.924148633946386883e-02
1.874935387912302076e-02
1.855284725764044795e-02
1.860569723248573989e-02
1.886738706301441595e-02
1.928955343059081742e-02
1.979843436503158499e-02
2.027437369702770470e-02
2.053789443318408681e-02
2.036608411999390675e-02
1.956655794135202242e-02
1.809369310978602846e-02
1.611407654848031473e-02
1.393558366468668729e-02
1.185381619145438326e-02
1.004845030874340801e-02
8.576958237815216282e-03
7.419372073762349994e-03
6.523164139462199300e-03
5.830308374735633341e-03
5.288973917973088801e-03
4.856598778228812287e-03
4.499265218234098883e-03
4.189986422506312633e-03
3.907089528533621257e-03
3.633209468227392713e-03
3.355129778568128902e-03
3.064525703752837057e-03
2.759368917029457469e-03
2.445266721442509224e-03
2.135553221758202183e-03
1.849085290567141406e-03
1.605833593330544939e-03
1.421936361219192741e-03
1.306480349518308664e-03
1.261188517266974805e-03
1.282439345238693771e-03
1.364109141197519023e-03
1.499970525873291953e-03
1.685119407270729841e-03
1.916469125084084004e-03
2.192560462819959522e-03
2.512913252779884997e-03
2.877051464735658638e-03
3.283267085683991889e-03
3.727190968151733279e-03
4.200322792604126686e-03
4.688821536429285675e-03
5.173011341749766435e-03
5.628097971275359060e-03
6.026383871035963583e-03
6.340777219157060253e-03
6.548789423065613964e-03
6.635866850962134772e-03
6.597094978396722542e-03
6.436984059224731651e-03
6.167793368586616497e-03
5.807262292413290297e-03
5.376566462592309234e-03
4.898972832913997891e-03
4.399277690886194657e-03
3.903830234327453769e-03
3.440799773116407292e-03
3.040298634777452262e-03
2.733985222632726031e-03
2.553831611648370737e-03
2.529866124781225689e-03
2.686920316735516481e-03
3.040722867938437744e-03
3.594031087848381916e-03
4.333744066932391538e-03
5.229939949318695123e-03
6.237427839750452584e-03
7.299767467144218681e-03
8.355023155487226877e-03
9.342075639623881669e-03
1.020629243477236270e-02
1.090371666945932731e-02
1.140346958642253668e-02
1.168853937291092909e-02
1.175540593265708700e-02
1.161300809658805631e-02
1.128145951449315530e-02
1.079074793196142454e-02
1.017947921497542978e-02
9.493594319145960692e-03
8.784914782028018301e-03
8.109368072080791467e-03
7.524807600792078957e-03
7.088461933988786379e-03
6.854196624989792458e-03
6.869906743058056334e-03
7.175428136969968541e-03
7.801322344006825921e-03
8.768747989785247166e-03
1.009041601384410083e-02
1.177240231284570893e-02
1.381642660987081328e-02
1.622214144973763844e-02
1.898901195479498968e-02
2.211747539854812608e-02
2.560920793076610497e-02
2.946645949895029468e-02
3.369052996889971424e-02
3.827954869822775691e-02
4.322579385123138246e-02
4.851285313512097158e-02
5.411298299332274742e-02
5.998505663263182380e-02
6.607348269863418111e-02
7.230840585156296518e-02
7.860735841727280182e-02
8.487832959297961222e-02
9.102399026369861756e-02
9.694660957650962085e-02
1.025530772952509967e-01
1.077594381149887398e-01
1.124944523806119950e-01
1.167018903255164636e-01
1.203414913556589833e-01
1.233887218206771302e-01
1.258336053352031858e-01
1.276789637199400307e-01
1.289384003339619222e-01
1.296343007515856349e-01
1.297960422401668312e-01
1.294585142461494032e-01
1.286609718841311700e-01
1.274461817806236130e-01
1.258597783277189130e-01
1.239497291868473655e-01
1.217658105378221362e-01
1.193590122423927591e-01
1.167808261447757651e-01
1.140824106995493997e-01
1.113136642757141803e-01
1.085222701579257459e-01
1.057527925553371217e-01
1.030459022327865487e-01
1.004377940365528965e-01
9.795983134963894001e-02
9.563842104595138283e-02
9.349509351995015372e-02
9.154674099686128941e-02
8.980595632337118328e-02
8.828141410156850610e-02
8.697824475953280787e-02
8.589836721828793265e-02
8.504076405652809256e-02
8.440170139643518588e-02
8.397491139492299639e-02
8.375176601333435278e-02
8.372147513299335597e-02
8.387133943791021118e-02
8.418707920656141874e-02
8.465324577580612964e-02
8.525370548618552147e-02
8.597216950866388985e-02
8.679273019535159450e-02
8.770035791446183226e-02
8.868131292794766141e-02
8.972343450628268713e-02
9.081628260059887436e-02
9.195112360610877000e-02
9.312076839715123511e-02
9.431928554480425997e-02
9.554162377761640790e-02
9.678318446866493452e-02
9.803938712549108148e-02
9.930526896078760435e-02
1.005751543708947870e-01
1.018424223923074801e-01
1.030993907766607209e-01
1.043373250005027869e-01
1.055465700416434310e-01
1.067167928249124903e-01
1.078373145733452360e-01
1.088975055642504852e-01
1.098872105441768554e-01
1.107971716642882076e-01
1.116194173357870495e-01
1.123475896211378056e-01
1.129771891035454418e-01
1.135057238142049008e-01
1.139327568427981885e-01
1.142598548579289441e-01
1.144904462440955312e-01
1.146296025008020081e-01
1.146837598020433863e-01
1.146603992689780582e-01
1.145677048089162736e-01
1.144142166287226703e-01
1.142084970361601642e-01
1.139588231309689725e-01
1.136729186110642664e-01
1.133577342639592311e-01
1.130192838310624670e-01
1.126625388784576881e-01
1.122913831726433248e-01
1.119086239830228147e-01
1.115160548969925808e-01
1.111145623382731318e-01
1.107042662058882326e-01
1.102846840247664467e-01
1.098549077597380519e-01
1.094137829382697130e-01
1.089600808145591293e-01
1.084926557933159064e-01
1.080105820033550462e-01
1.075132645796677278e-01
1.070005227430156358e-01
1.064726430940298590e-01
1.059304026691317846e-01
1.053750622949724269e-01
1.048083317072575071e-01
1.042323088422154737e-01
1.036493967033241953e-01
1.030622022385064701e-01
1.024734226638191886e-01
1.018857255232574754e-01
1.013016293435761855e-01
1.007233919006072786e-01
1.001529127735185654e-01
9.959165600572796040e-02
9.904059737165270272e-02
9.850019909197627044e-02
9.797041301753205145e-02
9.745071149698512902e-02
9.694014351842050736e-02
9.643741238308124741e-02
9.594097018240499430e-02
9.544912369993124868e-02
9.496014599902039000e-02
9.447238782109601551e-02
9.398438295339375803e-02
9.349494190682496042e-02
9.300322859042041423e-02
9.250881523119172667e-02
9.201171163792010166e-02
9.151236610695312468e-02
9.101163684201864223e-02
9.051073466836222214e-02
9.001113994492081216e-02
8.951449872153725840e-02
8.902250510399947747e-02
8.853677822080091575e-02
8.805874291631592132e-02
8.758952319991300528e-02
8.712985655371606464e-02
8.668003556102835128e-02
8.623988117713898838e-02
8.580874958679510223e-02
8.538557223158972642e-02
8.496892644238666914e-02
8.455713228892323963e-02
8.414836978872418383e-02
8.374080946813153292e-02
8.333274838635151838e-02
8.292274308722881460e-02
8.250973055579198523e-02
8.209312821961349538e-02
8.167290449977192279e-02
8.124961255789762971e-02
8.082438184677644133e-02
8.039886489602014741e-02
7.997514033844703440e-02
7.955557720747861994e-02
7.914266954365915818e-02
7.873885377552600207e-02
7.834632364298381446e-02
7.796685821631409163e-02
7.760167769022026374e-02
7.725133925117495803e-02
7.691568182990753122e-02
7.659382450195846570e-02
7.628421922890672724e-02
7.598475495359455212e-02
7.569290698326158751e-02
7.540592311601829190e-02
7.512103594138838658e-02
7.483568897827445887e-02
7.454776266955742692e-02
7.425578475341441942e-02
7.395910841066984098e-02
7.365804128570696552e-02
7.335390956845101729e-02
7.304904436112992505e-02
7.274668286590757482e-02
7.245078441219472698e-02
7.216577031567791845e-02
7.189620578549175967e-02
7.164644999273815651e-02
