1.145670637535770364e+00
1.144619968121399323e+00
1.142824379867126705e+00
1.140218389685646150e+00
1.136712904668473856e+00
1.132198089596078816e+00
1.126547400152385414e+00
1.119622941504643032e+00
1.111282243920923340e+00
1.101386428500399584e+00
1.089809569459041727e+00
1.076448854903626184e+00
1.061234925052819467e+00
1.044141554398821503e+00
1.025193678610005099e+00
1.004472685966901313e+00
9.821179276625157106e-01
9.583235653857096192e-01
9.333301580250255025e-01
9.074107570724941896e-01
8.808516824592861338e-01
8.539285440274605454e-01
8.268784539512910037e-01
7.998698111270364786e-01
7.729716987920134397e-01
7.461260826678041136e-01
7.191278919634878086e-01
6.916207241189781252e-01
6.631186233226219473e-01
6.330650953667444902e-01
6.009356971020053395e-01
5.663766631726343537e-01
5.293498141895298659e-01
4.902333034538264855e-01
4.498264584915517839e-01
4.092374555751497334e-01
3.696842159184665633e-01
3.322790121830190291e-01
2.978681764849666069e-01
2.669631735777139303e-01
2.397562417159915804e-01
2.161881268618064400e-01
1.960327040693335965e-01
1.789742221124824839e-01
1.646662553052216926e-01
1.527710499260174215e-01
1.429827534689542823e-01
1.350393715104912795e-01
1.287278949600046685e-01
1.238860535610857572e-01
1.204031649493883110e-01
1.182217081108469653e-01
1.173403147737697161e-01
1.178168811428093182e-01
1.197642813799486422e-01
1.233098741286468986e-01
1.284159000966664799e-01
1.342079458466361452e-01
1.367886426913444975e-01
1.246820654990456467e-01
8.404721425063516049e-02
3.440163903442161608e-02
8.836534688991863618e-03
3.727388946230709120e-03
6.454352943608525524e-03
1.109245886500160108e-02
1.573839552691109339e-02
1.991574299280858204e-02
2.358849761079707952e-02
2.684198716370216065e-02
2.978510739515400144e-02
3.252355465825769454e-02
3.515593241130297864e-02
3.777738914506962448e-02
4.048612189955411861e-02
4.339170001377679053e-02
4.662534238204425752e-02
5.035198403576646164e-02
5.478045005768521908e-02
6.015270101621961185e-02
6.663191780144236964e-02
7.378008286378884284e-02
7.866448008821011473e-02
7.207341219908841579e-02
4.543152748768503751e-02
1.642987879578255289e-02
2.972220339820225588e-03
3.917162219735265973e-04
1.939579721590565381e-03
4.672212356727103826e-03
7.613235985613599731e-03
1.050278845843839390e-02
1.332976784533551097e-02
1.617656239783036437e-02
1.917354227610704176e-02
2.249443449735580650e-02
2.636991294270189801e-02
3.110866423535112169e-02
3.710334562752498622e-02
4.473547651585110113e-02
5.389712270450117138e-02
6.257353097797509200e-02
6.520846301683254354e-02
5.682502461807449612e-02
4.180617615911020463e-02
2.835009513769574940e-02
1.929328545964712621e-02
1.382041023535154380e-02
1.061736739956399556e-02
8.761069951687988633e-03
7.703473614949928397e-03
7.131320956826002998e-03
6.864453246818389039e-03
6.796166793094641362e-03
6.859171424702177784e-03
7.004941853782632039e-03
7.189322674018596739e-03
7.360818011787972383e-03
7.451445610398482744e-03
7.374970678608259653e-03
7.042673641930580035e-03
6.403555913171680644e-03
5.491419687978044313e-03
4.432411186448677494e-03
3.389368132385336442e-03
2.487750392781155201e-03
1.782779018255803080e-03
1.273039190770724853e-03
9.293959560700668261e-04
7.167809673346558228e-04
6.047482477689167159e-04
5.705958682472503764e-04
5.990594424771401990e-04
6.808538738217774500e-04
8.109829420317858249e-04
9.870187502058907787e-04
1.207254951814168116e-03
1.468596845430672265e-03
1.764233877550609036e-03
2.081555536948661005e-03
2.401295804420687952e-03
2.699084669909252669e-03
2.949839025094349882e-03
3.133717241934038614e-03
3.240919624297125805e-03
3.273013613744723410e-03
3.240608598155246978e-03
3.159186653079540993e-03
3.045229417755939642e-03
2.913809823038224656e-03
2.777718837415598871e-03
2.647636139266037591e-03
2.532788329984535149e-03
2.441683293303869521e-03
2.382661187067789971e-03
2.364093600498854905e-03
2.394106517913190211e-03
2.479746557651227833e-03
2.625605874284873704e-03
2.832101722689343327e-03
3.093847339354553402e-03
3.398738614696582803e-03
3.728343892778901870e-03
4.059816254069661956e-03
4.368958564111030500e-03
4.633584659853876887e-03
4.836242565489673462e-03
4.965727977344789809e-03
5.017357929968501579e-03
4.992381038470309999e-03
4.897027852957315866e-03
4.741604388196840950e-03
4.539835967746757607e-03
4.308481744337093119e-03
4.067106565698384857e-03
3.837819386103901581e-03
3.644759091340536716e-03
3.513130420536038009e-03
3.467675159196033884e-03
3.530614090939744078e-03
3.719296286145003065e-03
4.043987200829864646e-03
4.506326615418082548e-03
5.098911949513759527e-03
5.806200081722839509e-03
6.606557934064929451e-03
7.474978913939665445e-03
8.385847334707402512e-03
9.315209936890719161e-03
1.024223534386277043e-02
1.114979617927323342e-02
1.202430372135370427e-02
1.285502535448982200e-02
1.363313271625805727e-02
1.435069716936216051e-02
1.499980124973903858e-02
1.557188918905197568e-02
1.605744165467347037e-02
1.644602528441086592e-02
1.672672903056946631e-02
1.688895209483580115e-02
1.692345472759310479e-02
1.682353418790954319e-02
1.658615985430804407e-02
1.621290803923611593e-02
1.571058231584728307e-02
1.509147798845240224e-02
1.437332661806534594e-02
1.357901278954933011e-02
1.273617365512443901e-02
1.187676987098314728e-02
1.103666531273861731e-02
1.025519031051179246e-02
9.574607023820288360e-03
9.039359787122258280e-03
8.694986554532943904e-03
8.586594413482136895e-03
8.756863101278869119e-03
9.243631238145680676e-03
1.007722929036749572e-02
1.127783126596400461e-02
1.285317670349248910e-02
1.479703692570024168e-02
1.708874420369367250e-02
1.969396741362601164e-02
2.256672540943480479e-02
2.565242319634462864e-02
2.889152754636970313e-02
3.222340952120173602e-02
3.558988874249396223e-02
3.893810694401141775e-02
4.222250372900683557e-02
4.540582540421266022e-02
4.845923425708354576e-02
5.136168085917031806e-02
5.409875132483978055e-02
5.666121151781346871e-02
5.904345280389104722e-02
6.124201102377446054e-02
6.325429091351988942e-02
6.507758749594906578e-02
6.670845626842888954e-02
6.814244607182058655e-02
6.937417306540269446e-02
7.039768289085200637e-02
7.120702355447940113e-02
7.179693680848595050e-02
7.216357307871959503e-02
7.230514457456652111e-02
7.222245101717447713e-02
7.191923825345686305e-02
7.140237671364262073e-02
7.068186944380666636e-02
6.977071507811703766e-02
6.868465848837974896e-02
6.744186181322098239e-02
6.606252332471121425e-02
6.456846387041817459e-02
6.298269298241247760e-02
6.132896105720934965e-02
5.963130129385933731e-02
5.791356547030855617e-02
5.619896054304959060e-02
5.450959735127793720e-02
5.286606700924038893e-02
5.128706351379025419e-02
4.978907161415930399e-02
4.838613655815394293e-02
4.708972707658949652e-02
4.590869566823508469e-02
4.484933212947850301e-02
4.391549872212814620e-02
4.310882960285620374e-02
4.242897392750552554e-02
4.187386161153191372e-02
4.143997276461796470e-02
4.112259563990604272e-02
4.091606270134303530e-02
4.081395930740674277e-02
4.080930389922137608e-02
4.089470205804210390e-02
4.106247917174778161e-02
4.130479769972447007e-02
4.161376523304684272e-02
4.198153885084451864e-02
4.240042984229114992e-02
4.286301088936641385e-02
4.336222551206209835e-02
4.389149722466654385e-02
4.444483372659725762e-02
4.501691984275352221e-02
4.560319208519019590e-02
4.619988779251021221e-02
4.680406285543231570e-02
4.741357395889030102e-02
4.802702384110945494e-02
4.864367098119358468e-02
4.926330803940889153e-02
4.988611597116852925e-02
5.051250276396210964e-02
5.114293704141770203e-02
5.177778726693048339e-02
5.241717696649468572e-02
5.306086534109170222e-02
5.370816095616133545e-02
5.435787400517478468e-02
5.500831008651032444e-02
5.565730566036819482e-02
5.630230253099652304e-02
5.694045600745210878e-02
5.756876901989192719e-02
5.818424259113350733e-02
5.878403184733023423e-02
5.936559631748106192e-02
5.992683367719056631e-02
6.046618731900711002e-02
6.098272008093126584e-02
6.147614896652692229e-02
6.194683852524119488e-02
6.239575349051024872e-02
6.282437406683863412e-02
6.323457972184931553e-02
6.362850933262645392e-02
6.400840696851528566e-02
6.437646342208172556e-02
6.473466381610941400e-02
6.508465122648197931e-02
6.542761528848403674e-02
6.576421322772185718e-02
6.609452872484701536e-02
6.641807156460743933e-02
6.673381825668919798e-02
6.704029091990991451e-02
6.733566890864056687e-02
6.761792517334803965e-02
6.788497742523641465e-02
6.813484301862200720e-02
6.836578620157129915e-02
6.857644704628594601e-02
6.876594288223891738e-02
6.893393525083411910e-02
6.908065804959866163e-02
6.920690537972977452e-02
6.931398041014281974e-02
6.940360912619901457e-02
6.947782500690159735e-02
6.953883239769025060e-02
6.958885759148071559e-02
6.962999739554336098e-02
6.966407524163685527e-02
6.969251466804772532e-02
6.971623922036067345e-02
6.973560643207490917e-02
6.975038152863090313e-02
6.975975387982531750e-02
6.976239612650597666e-02
6.975656255210914425e-02
6.974021997357590652e-02
6.971120155597962387e-02
6.966737186544004479e-02
6.960679043920962872e-02
6.952786130432778156e-02
6.942945718196201488e-02
6.931100937691540842e-02
6.917255725636566044e-02
6.901475440443613496e-02
6.883883165920599845e-02
6.864652004034577093e-02
6.843993891964261778e-02
6.822145664962270262e-02
6.799353230514773583e-02
6.775854829422534031e-02
6.751864440868228512e-02
6.727556438279980178e-02
6.703052607728489376e-02
6.678412579428029405e-02
6.653628572279750297e-02
6.628625094811092799e-02
6.603263883324794747e-02
6.577353912888758702e-02
6.550665836671537567e-02
6.522949759567921169e-02
6.493954903054269256e-02
6.463449527446704646e-02
6.431239475536792982e-02
6.397183882622914375e-02
6.361206922614504045e-02
6.323304864947761061e-02
6.283548132327790303e-02
6.242078415196963825e-02
6.199101179665631595e-02
6.154874095826042002e-02
6.109692034849529413e-02
6.063869375805284317e-02
6.017720469497569308e-02
5.971539256125509010e-02
5.925579227933826243e-02
5.880035133376890905e-02
5.835027968448130986e-02
5.790594808034862234e-02
5.746684817338884588e-02
5.703162311687362540e-02
5.659817028723757026e-02
