1.186262915301384391e+00
1.185827617845480297e+00
1.185063157851407256e+00
1.183911821886304505e+00
1.182294431808632140e+00
1.180112304201300866e+00
1.177250197026042944e+00
1.173580468383772279e+00
1.168968622437407401e+00
1.163280316944077075e+00
1.156389755339702230e+00
1.148189189995131532e+00
1.138599036303537426e+00
1.127577862975932765e+00
1.115131313622884424e+00
1.101318863378080826e+00
1.086257253052327343e+00
1.070119489819400860e+00
1.053128454037475681e+00
1.035544379248557689e+00
1.017645734351227960e+00
9.997032987277356675e-01
9.819474938950513154e-01
9.645294274207448781e-01
9.474768765851726560e-01
9.306480317500888111e-01
9.136887885892519545e-01
8.960040975334796487e-01
8.767598323080276757e-01
8.549362905703996596e-01
8.294523317621992353e-01
7.993631530601561508e-01
7.641017653451236402e-01
7.236946482958488414e-01
6.788625603520856977e-01
6.309452095178318398e-01
5.816609939958273801e-01
5.327875289943079240e-01
4.858749046640560287e-01
4.420696772398538532e-01
4.020660801019211306e-01
3.661531176467128224e-01
3.343097829535582877e-01
3.063084987047788865e-01
2.818036204691217184e-01
2.603965576699475704e-01
2.416779938441898645e-01
2.252514430046618499e-01
2.107428997903563195e-01
1.978002686171036750e-01
1.860844974482596115e-01
1.752521165032131512e-01
1.649258080346576172e-01
1.546446188040870584e-01
1.437764019268686633e-01
1.313596828876300582e-01
1.158281286660784448e-01
9.465174198099995939e-02
6.470533118778364068e-02
2.777425788504551268e-02
6.027080566736732828e-03
2.460842669308616060e-02
6.019390927517286050e-02
8.698960802178432039e-02
1.029143730669883627e-01
1.119605948135783124e-01
1.171420485531809025e-01
1.201652113392189664e-01
1.219610112008753799e-01
1.230490389747697921e-01
1.237311036143782239e-01
1.241904953261983302e-01
1.245435175452308529e-01
1.248664672195664710e-01
1.252088306053962818e-01
1.255967454752773826e-01
1.260258091122818114e-01
1.264356007898134460e-01
1.266439685653449887e-01
1.261829263825516301e-01
1.238854431525849842e-01
1.168848028722720284e-01
9.884393758840069599e-02
6.185152528903306579e-02
1.799426571856555662e-02
2.415160368684706859e-03
1.273001079253116043e-02
2.839074114301449320e-02
4.170465285941483968e-02
5.197682375097513463e-02
5.997883186909060138e-02
6.651052757818579075e-02
7.219298523477929441e-02
7.750406302759096921e-02
8.283898268678668853e-02
8.855783286408237809e-02
9.501206772630513275e-02
1.025303716330127207e-01
1.112941749776991396e-01
1.208983887990019712e-01
1.291384419762139912e-01
1.297992063545850006e-01
1.132064301281894142e-01
7.879932071866053989e-02
4.357115319298188183e-02
2.073271698266171761e-02
9.494174362516712151e-03
4.970234195309973513e-03
3.695069313998632695e-03
3.859943610944749012e-03
4.604352707284759330e-03
5.530614053454448002e-03
6.456967236235314385e-03
7.299786509580926883e-03
8.016682040576891474e-03
8.577211350476749568e-03
8.946162861998221624e-03
9.073867565935521753e-03
8.894588624907041191e-03
8.339949488015547391e-03
7.375726766904099237e-03
6.055257073003754605e-03
4.548283525887333867e-03
3.094171327346471271e-03
1.895778968417097254e-03
1.043499912233765555e-03
5.209549270744497735e-04
2.572130806894673744e-04
1.732646368686397613e-04
2.045485816616271013e-04
3.057953334180389822e-04
4.481468192773037287e-04
6.144926163823064263e-04
7.953120668911804790e-04
9.854878830325211874e-04
1.181913096549326407e-03
1.381604370263898570e-03
1.580146844623690804e-03
1.770521201092845227e-03
1.942639660568163231e-03
2.084091900786710135e-03
2.182398861587679130e-03
2.228320992901492575e-03
2.218835612442184805e-03
2.158194108342767915e-03
2.056494042755610541e-03
1.926686888426683937e-03
1.781604495581002451e-03
1.632098619925009993e-03
1.486484148658603162e-03
1.350897844092865908e-03
1.230075951583018941e-03
1.128193524631278515e-03
1.049574756335754392e-03
9.991838384392185031e-04
9.828373144653514051e-04
1.007073220376582473e-03
1.078608990003100980e-03
1.203359008150764985e-03
1.385093889535960084e-03
1.624002100629747414e-03
1.915590679935899251e-03
2.250406340574047630e-03
2.614861894262177772e-03
2.993047036711094216e-03
3.368995224900090801e-03
3.728717924391211028e-03
4.061487682212803520e-03
4.360211957532205557e-03
4.621065211832425454e-03
4.842701392192712805e-03
5.025356915052031463e-03
5.170056470002392171e-03
5.278028104145563414e-03
5.350358975865952653e-03
5.387883217852390202e-03
5.391275906028038245e-03
5.361316708809803037e-03
5.299272531790700722e-03
5.207327582849100890e-03
5.088968179222037522e-03
4.949221940489485078e-03
4.794670843182856877e-03
4.633209187852834962e-03
4.473587741884449930e-03
4.324846800623186049e-03
4.195766659890966602e-03
4.094443900268486189e-03
4.028048172926428604e-03
4.002752103484092869e-03
4.023779324166544200e-03
4.095492974719170884e-03
4.221447451041377558e-03
4.404341894326962298e-03
4.645837464784519782e-03
4.946227836532543845e-03
5.303982614945021608e-03
5.715216195086921837e-03
6.173167544091974837e-03
6.667803226940003172e-03
7.185666854177708875e-03
7.710082677651837468e-03
8.221773929442770940e-03
8.699882791360124060e-03
9.123296017495991991e-03
9.472113314293130470e-03
9.729067129816113685e-03
9.880721751530466626e-03
9.918337887252326457e-03
9.838364041684475800e-03
9.642582899721184944e-03
9.337981860044647017e-03
8.936426428887112375e-03
8.454199026663822975e-03
7.911435670943564244e-03
7.331461815253035273e-03
6.740006898228687385e-03
6.164271746418092078e-03
5.631836648088492034e-03
5.169429148663312254e-03
4.801613338302511587e-03
4.549506226043694215e-03
4.429658585342567331e-03
4.453244835514274386e-03
4.625681544913442904e-03
4.946738341374241378e-03
5.411129673869622195e-03
6.009499255972546722e-03
6.729650246903464902e-03
7.557846596121440413e-03
8.480017925480785174e-03
9.482735545079492775e-03
1.055387836746339916e-02
1.168296131247307384e-02
1.286114510860163554e-02
1.408097994826694802e-02
1.533595553043964367e-02
1.661993875774691806e-02
1.792658079278783290e-02
1.924876983958211454e-02
2.057819625309882661e-02
2.190508269983111947e-02
2.321811400546748214e-02
2.450457938413867082e-02
2.575071541265744682e-02
2.694221416700066929e-02
2.806484103405182395e-02
2.910509443601293211e-02
3.005083743815751066e-02
3.089183927245258907e-02
3.162018126002802410e-02
3.223050280427518233e-02
3.272008476057877702e-02
3.308878578919956237e-02
3.333885983362479960e-02
3.347468885109803477e-02
3.350246499993419363e-02
3.342985221517997402e-02
3.326565036109343371e-02
3.301947767460638311e-02
3.270148033367861751e-02
3.232207252279591103e-02
3.189170668612153342e-02
3.142067175145055874e-02
3.091891671069770670e-02
3.039589762955117319e-02
2.986044742824882706e-02
2.932066912616998824e-02
2.878385424669584886e-02
2.825642844084160984e-02
2.774392598640005800e-02
2.725099371042454324e-02
2.678142327215550858e-02
2.633820892634174821e-02
2.592362617810271483e-02
2.553932541056005631e-02
2.518643379938318577e-02
2.486565870564288322e-02
2.457738624577990305e-02
2.432176978555990188e-02
2.409880455282751091e-02
2.390838624108460042e-02
2.375035319868940703e-02
2.362451338378665847e-02
2.353065854463405951e-02
2.346856892176136383e-02
2.343801207534793041e-02
2.343873919880510096e-02
2.347048154652809152e-02
2.353294851552782327e-02
2.362582767202810533e-02
2.374878582778829419e-02
2.390146935708195239e-02
2.408350146216022697e-02
2.429447412006151275e-02
2.453393296236642401e-02
2.480135425446288247e-02
2.509611429655144582e-02
2.541745278484626447e-02
2.576443277641997723e-02
2.613590075652301448e-02
2.653045082142518191e-02
2.694639711988339528e-02
2.738175844097838832e-02
2.783425822479838885e-02
2.830134235480031082e-02
2.878021592855846411e-02
2.926789886804736715e-02
2.976129880211214260e-02
3.025729822430209617e-02
3.075285160290269076e-02
3.124508700997309305e-02
3.173140605628138600e-02
3.220957556996511401e-02
3.267780460971418666e-02
3.313480108432956261e-02
3.357980343042585997e-02
3.401258439315195392e-02
3.443342582804371360e-02
3.484306543291298269e-02
3.524261825736869219e-02
3.563347756938992084e-02
3.601720105988368698e-02
3.639538935340987102e-02
3.676956432141186004e-02
3.714105475109574783e-02
3.751089651975315908e-02
3.787975358789678199e-02
3.824786489437529552e-02
3.861502066550168144e-02
3.898056980934378607e-02
3.934345805069945634e-02
3.970229439345925038e-02
4.005544152004415076e-02
4.040112401060555469e-02
4.073754694211646765e-02
4.106301663926206075e-02
4.137605517998135807e-02
4.167550073305770209e-02
4.196058688098894263e-02
4.223099565425564306e-02
4.248688092223236457e-02
4.272886087670782485e-02
4.295798043309554531e-02
4.317564631216537496e-02
4.338353923959386432e-02
4.358350904165696899e-02
4.377745938868834313e-02
4.396722953204929701e-02
4.415448059162790234e-02
4.434059377166921917e-02
4.452658729743907973e-02
4.471305785639251990e-02
4.490015089092067035e-02
4.508756225434191328e-02
4.527457158787065450e-02
4.546010544479812260e-02
4.564282587523262047e-02
4.582123812033170318e-02
4.599380947752285120e-02
4.615909047466879717e-02
4.631582934069120722e-02
4.646307139309117928e-02
4.660023628859343708e-02
4.672716792997922558e-02
4.684415397158197408e-02
4.695191409411851591e-02
4.705155833499988227e-02
4.714451862914263713e-02
4.723245826900000777e-02
4.731716521760293004e-02
4.740043612272429319e-02
4.748395850235874460e-02
4.756919889364776000e-02
4.765730472960533204e-02
4.774902724315824298e-02
4.784467169584695478e-02
4.794407961734845763e-02
4.804664552537464550e-02
4.815136788911306143e-02
4.825693114167798475e-02
4.836181267479261470e-02
4.846440633912538209e-02
4.856315236552174314e-02
4.865666304122844704e-02
4.874383398282469693e-02
4.882393233132465565e-02
4.889665540087103496e-02
4.896215590910148185e-02
4.902103257221475385e-02
4.907428729523033439e-02
4.912325227196474853e-02
4.916949199237890394e-02
4.921468649337473050e-02
4.926050328220814983e-02
4.930846628653511726e-02
4.935983093807408406e-02
4.941547495702035969e-02
4.947581433892623420e-02
4.954075316608347324e-02
4.960967392579671009e-02
4.968147193425603847e-02
4.975463340742943691e-02
