1.223397015712754277e+00
1.225654188329986072e+00
1.229407978071961338e+00
1.234645928296010053e+00
1.241350369671331499e+00
1.249498625400494278e+00
1.259063878701387917e+00
1.270017120547421552e+00
1.282330643957751537e+00
1.295983564499404661e+00
1.310969812795472977e+00
1.327308951376548585e+00
1.345060005620933641e+00
1.364338263343995994e+00
1.385334694688733714e+00
1.408337285592848653e+00
1.433753177462924633e+00
1.462130063469341490e+00
1.494174776330708276e+00
1.530766326814635425e+00
1.572959658212622402e+00
1.621974845634259976e+00
1.679164155281147153e+00
1.745946193573965965e+00
1.823692682748796701e+00
1.913550579426093190e+00
2.016183493626582557e+00
2.131427326313943826e+00
2.257883242990937678e+00
2.392521796945205725e+00
2.530438399791796300e+00
2.664950608791396558e+00
2.788203396685353219e+00
2.892297621300372157e+00
2.970702637724921935e+00
3.019496841780314522e+00
3.037979782279386587e+00
3.028462715654535842e+00
2.995405900929762666e+00
2.944294333353809190e+00
2.880629476106622011e+00
2.809245041981546898e+00
2.733973073774605744e+00
2.657577916156007358e+00
2.581846538560874205e+00
2.507741426745440982e+00
2.435554018835859313e+00
2.365023822130267295e+00
2.295404696332229655e+00
2.225465158508948882e+00
2.153404822787436057e+00
2.076653135190673627e+00
1.991484185512217175e+00
1.892321171144843772e+00
1.770500010519705292e+00
1.612127019368832626e+00
1.394783589198862916e+00
1.085146722569953814e+00
6.541828848621168424e-01
1.797550324802238420e-01
5.543736586625113566e-02
5.721123046691717340e-01
1.234559102873488579e+00
1.672503128425336438e+00
1.910551809684753577e+00
2.034700896042789697e+00
2.098477117332498310e+00
2.129459072415079479e+00
2.141588505084492500e+00
2.142022419362650254e+00
2.134446415992775403e+00
2.120655004623961837e+00
2.101306779815642845e+00
2.076267405746826888e+00
2.044721763411382565e+00
2.005126288362802711e+00
1.955013863317368372e+00
1.890630759321793697e+00
1.806395025165167256e+00
1.694361255295830926e+00
1.544932509760198025e+00
1.354836024275007489e+00
1.165496055716548573e+00
1.167615360996523188e+00
1.638720303799697797e+00
2.316693075097786991e+00
2.741459181083377494e+00
2.925348879187381179e+00
2.999089326501979791e+00
3.034274717966397361e+00
3.061099401778433204e+00
3.092428372946133042e+00
3.134611675059668645e+00
3.191758273304627469e+00
3.267417766233076559e+00
3.365122774342858669e+00
3.488042550553137833e+00
3.637040350503597530e+00
3.804733695146479189e+00
3.959517925116157411e+00
4.009076178191150142e+00
3.751959584583981933e+00
2.954799501688281982e+00
1.756172155406914737e+00
7.403704134894020239e-01
2.043487458694578374e-01
2.066711082892574297e-02
6.125841890075336277e-03
5.477310761273845863e-02
1.188824468648807808e-01
1.790705373118725852e-01
2.280842680297472669e-01
2.635665169027825439e-01
2.850102040948683801e-01
2.925415623682803834e-01
2.865506299267377432e-01
2.678199557330208092e-01
2.380825065027756537e-01
2.009970134303879497e-01
1.632782975200600117e-01
1.350308682342799549e-01
1.276632006699106869e-01
1.488326428257620571e-01
1.975490739195072953e-01
2.643671131433146249e-01
3.368078064741698574e-01
4.048619565313246182e-01
4.629932047412786966e-01
5.093267563603003367e-01
5.440523168584596725e-01
5.681673694520440465e-01
5.827598251350649683e-01
5.886800927271012007e-01
5.864326635040224556e-01
5.761840861563812810e-01
5.578458711528935243e-01
5.312300766677303665e-01
4.962911060590399215e-01
4.534535950778252333e-01
4.039731566249959438e-01
3.501909056214298488e-01
2.954801082388765487e-01
2.437461306348666090e-01
1.985758979561439430e-01
1.623988195643925048e-01
1.360597845414913687e-01
1.189458454598856380e-01
1.094872035358837870e-01
1.057296962560318188e-01
1.057663846192498230e-01
1.079689484710412428e-01
1.110588055635742533e-01
1.140856335796779364e-01
1.163689564942961829e-01
1.174367753046249574e-01
1.169777415299150108e-01
1.148124621998251743e-01
1.108830856543684684e-01
1.052558064033655982e-01
9.812706494968623239e-02
8.982159743057482881e-02
8.077125842658532118e-02
7.146968098148412385e-02
6.240846428054059453e-02
5.401067168163620202e-02
4.658055914422385563e-02
4.028216635628863868e-02
3.514770675335419925e-02
3.110671129360465317e-02
2.802316426887970641e-02
2.573006449317207650e-02
2.405570215448951665e-02
2.284040948783082337e-02
2.194524526914560375e-02
2.125505414850038452e-02
2.067823402696322005e-02
2.014496342775097537e-02
1.960497154167152936e-02
1.902535400565332976e-02
1.838850960930815681e-02
1.769001837878990749e-02
1.693621069882117122e-02
1.614128093182371979e-02
1.532402291008639478e-02
1.450450406575084367e-02
1.370113163253312318e-02
1.292852892016064029e-02
1.219645208811616886e-02
1.150973070010318650e-02
1.086901309022398482e-02
1.027200005355611949e-02
9.714856507303358188e-03
9.193560059799958314e-03
8.705030806746019700e-03
8.247956425596426888e-03
7.823269890552540448e-03
7.434258895333913791e-03
7.086299279540111441e-03
6.786223262484282655e-03
6.541366536061847536e-03
6.358387286368098572e-03
6.242005520800557317e-03
6.193854122672394318e-03
6.211642546079767201e-03
6.288795999758062596e-03
6.414649752831125262e-03
6.575170832938810779e-03
6.754079905799280706e-03
6.934183613439187481e-03
7.098715893105481296e-03
7.232520389302850468e-03
7.322965959677467558e-03
7.360551085215549794e-03
7.339203893230855473e-03
7.256315088828293840e-03
7.112552479111238814e-03
6.911504145415049531e-03
6.659190275861287533e-03
6.363477620452903660e-03
6.033429281469342501e-03
5.678626841721724425e-03
5.308509536896060914e-03
4.931782121946595189e-03
4.555944459622487779e-03
4.186988035328426810e-03
3.829286735490707722e-03
3.485683982503103885e-03
3.157751182045484464e-03
2.846169786596234284e-03
2.551176075137941493e-03
2.273005918769205932e-03
2.012284975989441210e-03
1.770324309988120445e-03
1.549298101898938240e-03
1.352295552675983423e-03
1.183251426265157467e-03
1.046768774092053048e-03
9.478540153350855594e-04
8.915898447289714824e-04
8.827761611932444545e-04
9.255733651129304049e-04
1.023185138897245725e-03
1.177617802867165272e-03
1.389549057928173015e-03
1.658329494636029021e-03
1.982125907563706858e-03
2.358197827929309123e-03
2.783280556444099087e-03
3.254032603455698190e-03
3.767495662008061262e-03
4.321512674077730709e-03
4.915054237204839402e-03
5.548414153708863990e-03
6.223249130433775034e-03
6.942453177524541413e-03
7.709872305532966541e-03
8.529878614000369064e-03
9.406834412339703383e-03
1.034448658712444624e-02
1.134533897426701424e-02
1.241005563110308615e-02
1.353694982999886602e-02
1.472161122973515181e-02
1.595671601718687271e-02
1.723205138852157425e-02
1.853476707229593373e-02
1.984984440508490849e-02
2.116075056344342981e-02
2.245022535488389037e-02
2.370113375948259757e-02
2.489731154243723585e-02
2.602433455044609462e-02
2.707015387228494524e-02
2.802555655550948224e-02
2.888443187613128071e-02
2.964384304324379008e-02
3.030392106947874670e-02
3.086760972933519018e-02
3.134029752139001063e-02
3.172937471943905463e-02
3.204375190979574101e-02
3.229337208787189106e-02
3.248874261641441358e-02
3.264050710755585921e-02
3.275907126883554482e-02
3.285429135262688677e-02
3.293522924261924750e-02
3.300997441979794389e-02
3.308553001264661481e-02
3.316775776733115605e-02
3.326137500027698951e-02
3.336999536959826124e-02
3.349620459604716466e-02
3.364166205805070586e-02
3.380721944854286204e-02
3.399304836057219503e-02
3.419876968375980958e-02
3.442357894146020475e-02
3.466636306418144353e-02
3.492580546624419330e-02
3.520047757319300086e-02
3.548891606489649325e-02
3.578968600906196756e-02
3.610143074341435471e-02
3.642290982416573203e-02
3.675302661004466870e-02
3.709084712006201906e-02
3.743561171898675960e-02
3.778674097960196820e-02
3.814383678010515449e-02
3.850667935610724291e-02
3.887522067947396520e-02
3.924957422121195388e-02
3.963000091049964646e-02
4.001689095758758502e-02
4.041074118439290375e-02
4.081212760901126169e-02
4.122167325050150877e-02
4.164001143709648162e-02
4.206774528485857784e-02
4.250540443123365653e-02
4.295340052568326350e-02
4.341198336695745175e-02
4.388119990576674206e-02
4.436085857609520927e-02
4.485050155052216353e-02
4.534938750431639215e-02
4.585648728701942345e-02
4.637049450712946858e-02
4.688985241149389027e-02
4.741279757903300862e-02
4.793741986776181574e-02
4.846173680805040962e-02
4.898377931382009304e-02
4.950168430968052147e-02
5.001378878907185993e-02
5.051871907044547250e-02
5.101546872746867689e-02
5.150345891268778842e-02
5.198257558926048377e-02
5.245317948400901598e-02
5.291608627110223895e-02
5.337251644385291455e-02
5.382401637305787162e-02
5.427235403521975948e-02
5.471939470238997710e-02
5.516696343160704119e-02
5.561670241902712947e-02
5.606993214863294217e-02
5.652752571997159137e-02
5.698980571760403624e-02
5.745647240051149351e-02
5.792657074996567651e-02
5.839850194951470841e-02
5.887008217287738321e-02
5.933864821628773156e-02
5.980120574673986056e-02
6.025461208381407280e-02
6.069578191582705035e-02
6.112190162043278086e-02
6.153063630839460119e-02
6.192031359299880744e-02
6.229006946918500681e-02
6.263994441822309800e-02
6.297092160607756228e-02
6.328490337337996929e-02
6.358462665502952194e-02
6.387352211435311233e-02
6.415552535335607154e-02
6.443485143960463180e-02
6.471574617231662385e-02
6.500222906763658548e-02
6.529784404389869790e-02
6.560543422564368843e-02
6.592695703863886425e-02
6.626335460619199591e-02
6.661449209982089892e-02
6.697917292148046486e-02
6.735523435841660189e-02
6.773972089845335665e-02
6.812912529346346058e-02
6.851968055942786462e-02
6.890768038375627569e-02
6.928980178302911186e-02
6.966340294034736869e-02
7.002677113556517174e-02
7.037930026216532298e-02
7.072158388875492141e-02
7.105541722158702223e-02
7.138370869150084674e-02
7.171030844733203291e-02
7.203976633553811626e-02
7.237703588789454190e-02
7.272714362059926052e-02
7.309484490233712772e-02
7.348428906043309727e-02
7.389871732503006108e-02
7.434021739864739298e-02
7.480955731073292425e-02
7.530611804440512369e-02
7.582793858796314790e-02
7.637187837706559124e-02
7.693389104255601851e-02
