1.108751730080104414e+00
1.107338082564488291e+00
1.104932924094607971e+00
1.101464271375287129e+00
1.096834733291764730e+00
1.090925138952729023e+00
1.083599488286453028e+00
1.074711337539975720e+00
1.064111651543972581e+00
1.051658023246350382e+00
1.037224982860178502e+00
1.020714906781256870e+00
1.002068813251856927e+00
9.812761307501244312e-01
9.583823864455388586e-01
9.334937262153352178e-01
9.067772755847212096e-01
8.784565934682270205e-01
8.488018413987434840e-01
8.181147466256796230e-01
7.867089184575495331e-01
7.548865294752762356e-01
7.229127770648917650e-01
6.909899386637081697e-01
6.592333447872815722e-01
6.276523901627419910e-01
5.961409195485757317e-01
5.644828470106230123e-01
5.323799882843270881e-01
4.995081611348268225e-01
4.656022009933131200e-01
4.305588925065079176e-01
3.945310177681386477e-01
3.579744792942505249e-01
3.216163766439252281e-01
2.863404156287265856e-01
2.530243992945019338e-01
2.223872704659558275e-01
1.948941712727179087e-01
1.707359460844049548e-01
1.498679551662473464e-01
1.320785642377619307e-01
1.170605162660699750e-01
1.044694065186406867e-01
9.396413963714900230e-02
8.523085953041464879e-02
7.799450164678196906e-02
7.202231946242669547e-02
6.712288218662376682e-02
6.314297283300203401e-02
5.996389235581246063e-02
5.749794678402160575e-02
5.568520056765109694e-02
5.448945459887646892e-02
5.388952462567302149e-02
5.385311461954819107e-02
5.425256157754177605e-02
5.459536222434611952e-02
5.324639339997080251e-02
4.610911122232577708e-02
2.951754991089293456e-02
1.221144813644756133e-02
4.821802130002687467e-03
4.378422897812091034e-03
6.124489265683766108e-03
8.141070431434768370e-03
9.919956165907257289e-03
1.139248479841646795e-02
1.260198805284626876e-02
1.360997288952965796e-02
1.447248755253044417e-02
1.523646567617930291e-02
1.594137075788365152e-02
1.662197751408726540e-02
1.731124621402747865e-02
1.804315546138553217e-02
1.885552799845379227e-02
1.979254856304246343e-02
2.090516826061747033e-02
2.224205213825992608e-02
2.380365490409814752e-02
2.536295359882571529e-02
2.588640860977197908e-02
2.258429221386215949e-02
1.360281350670636442e-02
5.063951041434638402e-03
1.713614369239054502e-03
1.507590522547103086e-03
2.331030614116982955e-03
3.365183613645893971e-03
4.380191822725162595e-03
5.343260067790016506e-03
6.285999951345490680e-03
7.266629607916136845e-03
8.364957157267951388e-03
9.692020666731349793e-03
1.141170643211031170e-02
1.377767230285550752e-02
1.718768939270670995e-02
2.222896054143009767e-02
2.954840212630417337e-02
3.898196375393578328e-02
4.746597330091054112e-02
4.942305684154436884e-02
4.399772554150527260e-02
3.608246743159467668e-02
2.924383964024009769e-02
2.424366862635598391e-02
2.076902980454779779e-02
1.838128624453114549e-02
1.674516486626423731e-02
1.563541352289278888e-02
1.490459930849580977e-02
1.445417787299522680e-02
1.421340108743283405e-02
1.412328971849482855e-02
1.412252207385987154e-02
1.413351410246941817e-02
1.405033519880273356e-02
1.373683468067839197e-02
1.305131561123215947e-02
1.190912664959964569e-02
1.035661756304357382e-02
8.584438287300823547e-03
6.842324587923628507e-03
5.323865603955261344e-03
4.114272565512597235e-03
3.210426136112734530e-03
2.565300832317886446e-03
2.121730850217321083e-03
1.828858419504080174e-03
1.647018942341095440e-03
1.547272275546952586e-03
1.509177093371733740e-03
1.518348497259381985e-03
1.564275168618213746e-03
1.638450788614776625e-03
1.732789929371232086e-03
1.838394542545323911e-03
1.944919836639970442e-03
2.040918325286493994e-03
2.115394413558311770e-03
2.160234948969224841e-03
2.172461468968166047e-03
2.155070741738525884e-03
2.115992888361626582e-03
2.065835046285739805e-03
2.015607460150638935e-03
1.975274878876307622e-03
1.953287350316456131e-03
1.956789708201685674e-03
1.992109262732479590e-03
2.065212577689426541e-03
2.181938216407152634e-03
2.347885255232273326e-03
2.567873420937214803e-03
2.844927481080444711e-03
3.178819774083841126e-03
3.564361379164912840e-03
3.989853493467501039e-03
4.436309790955716981e-03
4.878076836108570687e-03
5.285164635608462745e-03
5.626978880229697652e-03
5.876511197621603171e-03
6.013799356198054787e-03
6.027804620768827289e-03
5.916556333250751545e-03
5.686051833098198192e-03
5.348669673547017979e-03
4.921747361896868997e-03
4.426674204410193866e-03
3.888541469004253969e-03
3.336168217954785763e-03
2.802190549164060556e-03
2.322842417253737080e-03
1.937056119514424116e-03
1.684583560352544661e-03
1.603014227686972836e-03
1.723856815527784365e-03
2.068220573616838011e-03
2.642965630110013370e-03
3.438321766352099660e-03
4.427767108986784862e-03
5.570415408521813168e-03
6.815469372192243386e-03
8.107746513062561930e-03
9.393097964184034254e-03
1.062275330714643196e-02
1.175608367252812397e-02
1.276176000577606932e-02
1.361762825259570098e-02
1.430977313486480988e-02
1.483123067468400218e-02
1.518070616213993557e-02
1.536152161863983331e-02
1.538089328593904292e-02
1.524954078641324595e-02
1.498155785225464311e-02
1.459442885047651343e-02
1.410905633871542553e-02
1.354967501786378051e-02
1.294356727569156811e-02
1.232055885825131085e-02
1.171234472292195100e-02
1.115175322781958127e-02
1.067208157720461216e-02
1.030661749365572970e-02
1.008840697390316586e-02
1.005025329714554980e-02
1.022485969908542430e-02
1.064497447170898586e-02
1.134337144905619814e-02
1.235250216990902219e-02
1.370368601817889033e-02
1.542575858227816440e-02
1.754317434418887003e-02
2.007365464228942978e-02
2.302557831385579692e-02
2.639541564852097150e-02
3.016558326096641096e-02
3.430312087705508078e-02
3.875953776183237165e-02
4.347203897333155875e-02
4.836613638007666860e-02
5.335941793167589542e-02
5.836604716027775364e-02
6.330144548922043979e-02
6.808660189413906494e-02
7.265155396937476862e-02
7.693775790022848449e-02
8.089926326443053206e-02
8.450278546203131291e-02
8.772689306130738995e-02
9.056058886854000123e-02
9.300156847505171298e-02
9.505440440921138212e-02
9.672884601903446178e-02
9.803836020786012295e-02
9.899897666114887418e-02
9.962844913138282910e-02
9.994570430445424980e-02
9.997052254203663002e-02
9.972338030302135836e-02
9.922538165364178098e-02
9.849821459230760634e-02
9.756408449448378262e-02
9.644559826264520463e-02
9.516559447953891471e-02
9.374693286641087864e-02
9.221226757363822080e-02
9.058383198260651359e-02
8.888325841724205312e-02
8.713144664062490163e-02
8.534848322466666304e-02
8.355360277467391295e-02
8.176517385222334400e-02
8.000068858355900703e-02
7.827673568735449283e-02
7.660894149514278773e-02
7.501187136190248794e-02
7.349889319574756663e-02
7.208201403340656899e-02
7.077170804790487713e-02
6.957675874479452016e-02
6.850413851156826606e-02
6.755894493764322273e-02
6.674440600452484496e-02
6.606195666210912254e-02
6.551137924003949675e-02
6.509099147061356283e-02
6.479786017372890505e-02
6.462801676360016567e-02
6.457665275414099793e-02
6.463827868492702522e-02
6.480683716891189050e-02
6.507576869184317214e-02
6.543803609918029396e-02
6.588611943835295803e-02
6.641199643973991207e-02
6.700712526353398701e-02
6.766244535654675207e-02
6.836840969024847448e-02
6.911505772535636583e-02
6.989213364303925591e-02
7.068924917925738238e-02
7.149608527331435814e-02
7.230262215721179608e-02
7.309938389831655003e-02
7.387768112409132115e-02
7.462983494701130871e-02
7.534936605008013544e-02
7.603113537776179376e-02
7.667142660653894493e-02
7.726796510090182257e-02
7.781987287611703830e-02
7.832756367823379140e-02
7.879258622813276047e-02
7.921742666944277256e-02
7.960528317324092051e-02
7.995982648882202226e-02
8.028496009561962576e-02
8.058459266974400681e-02
8.086243400807295589e-02
8.112182351872487818e-02
8.136559802949680509e-02
8.159600310385910216e-02
8.181464939578644846e-02
8.202251293248290220e-02
8.221997571380403047e-02
8.240690079871447471e-02
8.258273425645594468e-02
8.274662512339898968e-02
8.289755392014275248e-02
8.303446038618750302e-02
8.315636185293688587e-02
8.326245500401036059e-02
8.335219551417005768e-02
8.342535203188927717e-02
8.348203298878555112e-02
8.352268661711455267e-02
8.354807621121253247e-02
8.355923400734802109e-02
8.355739805356414418e-02
8.354393710708014897e-02
8.352026896083386553e-02
8.348777769425734518e-02
8.344773518820838842e-02
8.340123184792104516e-02
8.334912083856876874e-02
8.329197925380459055e-02
8.323008852130311941e-02
8.316343504120916885e-02
8.309173062855421121e-02
8.301445089725770221e-02
8.293088841099112429e-02
8.284021636670838018e-02
8.274155788068204842e-02
8.263405568291479208e-02
8.251693720682996835e-02
8.238957064284178899e-02
8.225150841524607459e-02
8.210251562272141701e-02
8.194258213079498587e-02
8.177191811538885025e-02
8.159093385894972128e-02
8.140020546156093162e-02
8.120042884798589489e-02
8.099236504496387656e-02
8.077678018858240605e-02
8.055438410003852578e-02
8.032577151391701031e-02
8.009137010400171897e-02
7.985139926013529177e-02
7.960584306365683926e-02
7.935444005697517289e-02
7.909669122634116478e-02
7.883188620157070836e-02
7.855914616790267424e-02
7.827748056554842404e-02
7.798585350515642445e-02
7.768325509615460478e-02
7.736877264181522829e-02
7.704165688477503104e-02
7.670137909486637873e-02
7.634767563093521059e-02
7.598057752183642877e-02
7.560042347104634075e-02
7.520785542754558628e-02
7.480379648992668828e-02
7.438941149324321267e-02
7.396605127786620715e-02
7.353518245992958502e-02
7.309830556673277413e-02
7.265686563185998204e-02
7.221216062202356900e-02
7.176525415511762762e-02
7.131689958243324357e-02
7.086748238838665170e-02
7.041698685640658539e-02
6.996499108272358214e-02
6.951069191130852809e-02
6.905295859707695494e-02
6.859041143633923254e-02
6.812151964079286859e-02
6.764471162132834614e-02
6.715849061429678135e-02
6.666154903185730896e-02
6.615287571038311332e-02
6.563185099653348620e-02
6.509832506793469808e-02
6.455267493339657270e-02
6.399583531668870395e-02
6.342929842226020798e-02
6.285507786560223797e-02
6.227563328855813263e-02
6.169375469673574197e-02
6.111240939017425350e-02
6.053455915418218952e-02
5.996296037091396192e-02
5.939996384931755385e-02
5.884733336407029641e-02
5.830610136008593930e-02
