1.209947774576527912e+00
1.210169055046814046e+00
1.210509043443648958e+00
1.210924724228977567e+00
1.211356458148630910e+00
1.211728955719345135e+00
1.211953035551562641e+00
1.211928459831657978e+00
1.211548112239510866e+00
1.210703708165230319e+00
1.209293100678916266e+00
1.207229069947168387e+00
1.204449266581583577e+00
1.200926736507746728e+00
1.196680209974457121e+00
1.191783118897962623e+00
1.186370142140415140e+00
1.180639984455169378e+00
1.174853069020270979e+00
1.169322838595566072e+00
1.164399369951784946e+00
1.160443966142756134e+00
1.157793303794520501e+00
1.156711699558693018e+00
1.157330463896946382e+00
1.159574805113393614e+00
1.163082375017143510e+00
1.167124486079725854e+00
1.170551718766390303e+00
1.171797948456250849e+00
1.168983697351700490e+00
1.160148772933756511e+00
1.143603913153127261e+00
1.118325948188226171e+00
1.084263953654813317e+00
1.042424830495856991e+00
9.946878268450322080e-01
9.434172677474864654e-01
8.910220636437905517e-01
8.396034589341111465e-01
7.907616840354443344e-01
7.455552327899837017e-01
7.045630063563328438e-01
6.679933908997155445e-01
6.357991224257121265e-01
6.077758333752126818e-01
5.836367287774359980e-01
5.630640582794840254e-01
5.457412933952442424e-01
5.313700749040142224e-01
5.196742913319961632e-01
5.103902317896942264e-01
5.032351834926106493e-01
4.978324625560319738e-01
4.935358728796179206e-01
4.890061772051226829e-01
4.811572025379256545e-01
4.625586126666537679e-01
4.161053630042819140e-01
3.136037437289057594e-01
1.619883199265096663e-01
6.722414609707491606e-02
7.382909039792505401e-02
1.189409443425200746e-01
1.631787615967512650e-01
1.982435597540465333e-01
2.250284644512023924e-01
2.457152992394575908e-01
2.621141408786115123e-01
2.755187822751811733e-01
2.868284980865457023e-01
2.966732181803775070e-01
3.055027264424962086e-01
3.136435548100046655e-01
3.213308925349800393e-01
3.287180334433099094e-01
3.358572005580438002e-01
3.426286869125436119e-01
3.485555905197829651e-01
3.523396491480537684e-01
3.506939216273063376e-01
3.355271487460562696e-01
2.890133378573694900e-01
1.891939280580473282e-01
7.095300351766678504e-02
3.330814166311008018e-02
6.853862251842672559e-02
1.185116198227435663e-01
1.617811423128446835e-01
1.966089662858523934e-01
2.253398634235892484e-01
2.503878648787287164e-01
2.736843532902250020e-01
2.968035723369262247e-01
3.211592647953448454e-01
3.481680933227061514e-01
3.793527070864236572e-01
4.163005632108813248e-01
4.601754294149543734e-01
5.098618982503256847e-01
5.565527347911755074e-01
5.731144981748885758e-01
5.139130255298302030e-01
3.696646520669016889e-01
2.127985278550404979e-01
1.064218732764347641e-01
5.146401026643442067e-02
2.770942932858593694e-02
1.976836937216604195e-02
1.926531376089948497e-02
2.205244808728258621e-02
2.611742738174713599e-02
3.047530503094941778e-02
3.462318697129780631e-02
3.826857149150105636e-02
4.118501592174495657e-02
4.312805343728993990e-02
4.378807317773075053e-02
4.278937008312790058e-02
3.977347352185874735e-02
3.460596547621968416e-02
2.765606590670169340e-02
1.991500357445461986e-02
1.269416696772368222e-02
7.034321163099598560e-03
3.326076221543004720e-03
1.386300772442254723e-03
7.652324930363720587e-04
9.984642077655765668e-04
1.719017897415631591e-03
2.673674732133763787e-03
3.700777302746914490e-03
4.701466826189416859e-03
5.615879479748096988e-03
6.406293440691625957e-03
7.046226980699218066e-03
7.514223609766260484e-03
7.791611179488914553e-03
7.864013053927974492e-03
7.726263595413685945e-03
7.389254216324936744e-03
6.885390675114372305e-03
6.268335651800146721e-03
5.604645796480607275e-03
4.959723371193766779e-03
4.384480209870922351e-03
3.908438149888809020e-03
3.540492465384606404e-03
3.274529278551420192e-03
3.096131906984205418e-03
2.987947275593292023e-03
2.932985615084452921e-03
2.916152085927371969e-03
2.924625178606569346e-03
2.947635333106041113e-03
2.976031252953887946e-03
3.001876591776933122e-03
3.018221826187147093e-03
3.019126413254919448e-03
2.999935697293730150e-03
2.957728547470791104e-03
2.891758626188291239e-03
2.803662184152682420e-03
2.697252900681457611e-03
2.577876893035690748e-03
2.451487261566458620e-03
2.323708035836404007e-03
2.199132157018010049e-03
2.080971692232866984e-03
1.971039033664081456e-03
1.869953508084196614e-03
1.777452086353641797e-03
1.692710785706124559e-03
1.614623323030394677e-03
1.542015902839340060e-03
1.473795756756344404e-03
1.409038455645851172e-03
1.347020170461216745e-03
1.287200881385910283e-03
1.229166526462503869e-03
1.172543629435092872e-03
1.116907807245345104e-03
1.061714010040804620e-03
1.006276773184901045e-03
9.498204593944921566e-04
8.916039918300494409e-04
8.311074769653543481e-04
7.682557616227487238e-04
7.036497263033659588e-04
6.387787707032102375e-04
5.761932208446288433e-04
5.196189161087818361e-04
4.739958122487273749e-04
4.454186372158267047e-04
4.409532694020706434e-04
4.683016987365337083e-04
5.352956722886125602e-04
6.492181134990158671e-04
8.159833830546693069e-04
1.039249212898754734e-03
1.319575597909422192e-03
1.653774758579625330e-03
2.034596015629746690e-03
2.450850430434812870e-03
2.888005571493539037e-03
3.329189037466580379e-03
3.756458188743600022e-03
4.152148556351884304e-03
4.500116639719811164e-03
4.786738141129783658e-03
5.001590398058436242e-03
5.137814645214349059e-03
5.192202426107681186e-03
5.165073917920708253e-03
5.060016403491738798e-03
4.883536331002916869e-03
4.644657426734240778e-03
4.354477926109863971e-03
4.025687437440986227e-03
3.672040831625968723e-03
3.307792859531862289e-03
2.947110532595264079e-03
2.603496225496576121e-03
2.289267372399582737e-03
2.015143247428415052e-03
1.789982460011021320e-03
1.620696721494696265e-03
1.512341041347594348e-03
1.468354034666642877e-03
1.490900847423764488e-03
1.581259697359107532e-03
1.740192409547659455e-03
1.968247910434647602e-03
2.265962066547171690e-03
2.633933949075412638e-03
3.072774884333953627e-03
3.582941078950521545e-03
4.164472770871375205e-03
4.816672786741120309e-03
5.537764986743574577e-03
6.324577766819907548e-03
7.172298488004148070e-03
8.074340190582396382e-03
9.022351455524858788e-03
1.000638410588417133e-02
1.101521336927641960e-02
1.203678428874808796e-02
1.305874042949381995e-02
1.406897982066894481e-02
1.505618076538770694e-02
1.601024680428192459e-02
1.692263388238993832e-02
1.778654043801173798e-02
1.859695912160522560e-02
1.935060414375865123e-02
2.004573898304567309e-02
2.068193479129008458e-02
2.125979080448873668e-02
2.178064551444837404e-02
2.224630257737044564e-02
2.265878959653091704e-02
2.302016188943368374e-02
2.333235769349319491e-02
2.359710628640681804e-02
2.381588635005151347e-02
2.398992866754337192e-02
2.412025496004581784e-02
2.420774336710165842e-02
2.425321073060911214e-02
2.425750236462535098e-02
2.422158120253977906e-02
2.414660986035800302e-02
2.403402095906184005e-02
2.388557275113683057e-02
2.370338850751854340e-02
2.348997915142471068e-02
2.324824928526769696e-02
2.298148713404618571e-02
2.269333915122667689e-02
2.238777022902477265e-02
2.206901071972326711e-02
2.174149185259456260e-02
2.140977161119976893e-02
2.107845366042179411e-02
2.075210239372552584e-02
2.043515751241612929e-02
2.013185166674626506e-02
1.984613453161685956e-02
1.958160624860836793e-02
1.934146247915983358e-02
1.912845245975527617e-02
1.894485053470852665e-02
1.879244077875728836e-02
1.867251361044024865e-02
1.858587280851535170e-02
1.853285110823785567e-02
1.851333256226159185e-02
1.852678005871643066e-02
1.857226673170508241e-02
1.864851040455875117e-02
1.875391060570883242e-02
1.888658803557737367e-02
1.904442660114797140e-02
1.922511824933616567e-02
1.942621081081762416e-02
1.964515891326311034e-02
1.987937774692453627e-02
2.012629908572638460e-02
2.038342851400701261e-02
2.064840232602504697e-02
2.091904210796595442e-02
2.119340464529704399e-02
2.146982458871881175e-02
2.174694731793110763e-02
2.202374970200259713e-02
2.229954697598765176e-02
2.257398470751081562e-02
2.284701575182701908e-02
2.311886310070038544e-02
2.338997051807348640e-02
2.366094372573663077e-02
2.393248557393049328e-02
2.420532905043971950e-02
2.448017212252775673e-02
2.475761827192650075e-02
2.503812619827084154e-02
2.532197156895074977e-02
2.560922292850396215e-02
2.589973299630694836e-02
2.619314562645020522e-02
2.648891772873681466e-02
2.678635450767292980e-02
2.708465552292599679e-02
2.738296836715325977e-02
2.768044625000156897e-02
2.797630551680234737e-02
2.826987914820687856e-02
2.856066259239259733e-02
2.884834885844446070e-02
2.913285060540444366e-02
2.941430793032950505e-02
2.969308160847694208e-02
2.996973258113619365e-02
3.024498943785819752e-02
3.051970642989073820e-02
3.079481513068423396e-02
3.107127319988494882e-02
3.135001380257977643e-02
3.163189909548397988e-02
3.191768083727597460e-02
3.220797063930133652e-02
3.250322167772500687e-02
3.280372287562041689e-02
3.310960567589705389e-02
3.342086261325334651e-02
3.373737601304677841e-02
3.405895436026392525e-02
3.438537325653694132e-02
3.471641747533855266e-02
3.505192047945471234e-02
3.539179790513303364e-02
3.573607194432812384e-02
3.608488424573578351e-02
3.643849585937963820e-02
3.679727380292144301e-02
3.716166495335938846e-02
3.753215908289438824e-02
3.790924388079518897e-02
3.829335565703333166e-02
3.868483003835088835e-02
3.908385728122872743e-02
3.949044678661006724e-02
3.990440496919343133e-02
4.032532979217878788e-02
4.075262404178447984e-02
4.118552784536185646e-02
4.162316914697655745e-02
4.206462901155141876e-02
4.250901693633719197e-02
4.295555001607796741e-02
4.340362901358829628e-02
4.385290424051289937e-02
4.430332467414108133e-02
4.475516485652279025e-02
4.520902570593576808e-02
4.566580725181109551e-02
4.612665332362379800e-02
4.659287025701584761e-02
4.706582364458959666e-02
4.754681900546368217e-02
4.803697393830814316e-02
4.853709079943067939e-02
4.904754010608543963e-02
4.956816553615520787e-02
5.009822134590184717e-02
5.063635198971867118e-02
5.118062146118371181e-02
5.172859626620197881e-02
5.227748109534405274e-02
5.282430059334631417e-02
5.336611484276662654e-02
5.390025120212817850e-02
5.442453188018301496e-02
