1.195261810652523682e+00
1.195030780326841624e+00
1.194609760231936768e+00
1.193945350721210330e+00
1.192964063630514326e+00
1.191573949642033003e+00
1.189667144079619820e+00
1.187123577975651267e+00
1.183816058565717588e+00
1.179616830478163569e+00
1.174405584808133174e+00
1.168078692611902225e+00
1.160559214292715469e+00
1.151806997824981860e+00
1.141827955770274849e+00
1.130681436787062566e+00
1.118484512092420280e+00
1.105411999142257518e+00
1.091691141133897203e+00
1.077590025827907638e+00
1.063399018859903622e+00
1.049404670193038847e+00
1.035855739788131169e+00
1.022921296981398998e+00
1.010641567130036833e+00
9.988738411388358163e-01
9.872390207579718746e-01
9.750798242830108764e-01
9.614490182391431938e-01
9.451527370192678301e-01
9.248739549056502751e-01
8.993858054340855279e-01
8.678285004317108919e-01
8.299763119719641979e-01
7.863917250109797585e-01
7.383861204567001568e-01
6.877836298701328621e-01
6.365730735063084289e-01
5.865729914316920590e-01
5.392060873893010919e-01
4.954133409974694202e-01
4.556813621826975025e-01
4.201329519293622861e-01
3.886355732626233239e-01
3.608993225552937223e-01
3.365523036300409054e-01
3.151919299907373628e-01
2.964156581050295669e-01
2.798358596949790389e-01
2.650827470965225752e-01
2.517975218387976666e-01
2.396155171197553724e-01
2.281356248783261431e-01
2.168663962465765538e-01
2.051280718750140009e-01
1.918690696664708262e-01
1.753278315392555742e-01
1.525221239700334241e-01
1.193150236899600675e-01
7.588642111154418612e-02
4.498736513592233727e-02
5.804911080364844739e-02
9.409857168076135592e-02
1.235151108355562327e-01
1.419391933938231321e-01
1.529189533696761472e-01
1.595428423528152950e-01
1.636549151630242449e-01
1.662958285508708278e-01
1.680617769402554251e-01
1.693065487469688490e-01
1.702486126245276732e-01
1.710278794400696412e-01
1.717356298505409162e-01
1.724287014781309690e-01
1.731318020628660470e-01
1.738259214425734445e-01
1.744122341803699405e-01
1.746222540140409396e-01
1.737983501593039215e-01
1.703521312302515855e-01
1.604854776531966787e-01
1.360533285555912963e-01
8.760838038402475603e-02
3.254144637000289803e-02
1.586562017211356340e-02
3.205038318968447819e-02
5.405066258880963231e-02
7.239947303203654594e-02
8.655791398430107142e-02
9.770933151321346821e-02
1.069873893147738897e-01
1.152603042536489153e-01
1.232019307659787538e-01
1.313834517091337362e-01
1.403434672884176226e-01
1.506278285158212105e-01
1.627691690172022865e-01
1.770960518089068347e-01
1.930444693380924115e-01
2.072211799026062451e-01
2.097772511136480889e-01
1.849569672376404628e-01
1.310109902656640124e-01
7.463819654829231820e-02
3.744922447139885369e-02
1.874194752528342972e-02
1.091577576873754320e-02
8.446607323141770360e-03
8.407923666548716701e-03
9.386476084528954517e-03
1.071662384097786351e-02
1.208535301451352933e-02
1.334173005087202664e-02
1.440383313869212679e-02
1.521034670639153860e-02
1.569289662429422874e-02
1.576058911808956436e-02
1.529913869717610016e-02
1.419653480036153423e-02
1.240811838814188592e-02
1.004611982315942523e-02
7.420351636451294822e-03
4.946499778185509122e-03
2.960148615801365748e-03
1.593899562972313265e-03
7.979456274445295922e-04
4.355216671816765708e-04
3.628175197260832753e-04
4.653507410340639808e-04
6.639700464867774815e-04
9.083640035372964787e-04
1.168219591456645017e-03
1.425744644209631009e-03
1.670211738690476630e-03
1.894188281927288147e-03
2.091010343785395468e-03
2.253258317361591170e-03
2.372260812706435736e-03
2.438831967064126072e-03
2.445338593951210723e-03
2.388640368683329126e-03
2.272642177926521671e-03
2.108873389615577472e-03
1.914361196210934059e-03
1.707704394304681780e-03
1.505274800449819947e-03
1.319043979705999048e-03
1.156299273219188765e-03
1.020603247560769328e-03
9.131781919615619388e-04
8.341704026983028358e-04
7.835742592707273810e-04
7.617941906495019275e-04
7.698914646211995651e-04
8.095589987249854607e-04
8.828431123346866007e-04
9.916215379102081683e-04
1.136874372548228119e-03
1.317856460691603851e-03
1.531376555866377108e-03
1.771454367516887580e-03
2.029585993836172195e-03
2.295664811618961920e-03
2.559341597175438139e-03
2.811413419834845294e-03
3.044831055654161414e-03
3.255102733868430170e-03
3.440119459951799467e-03
3.599597184154068250e-03
3.734372514491098721e-03
3.845736283450953454e-03
3.934906761687899553e-03
4.002677040396114896e-03
4.049234120350999645e-03
4.074135232937969690e-03
4.076427204892658918e-03
4.054895119166032277e-03
4.008418871347475647e-03
3.936397886875406781e-03
3.839179783870512626e-03
3.718409727347886991e-03
3.577218241721651874e-03
3.420195552965589122e-03
3.253155386430646792e-03
3.082750583412130659e-03
2.916041425228131211e-03
2.760119183605835511e-03
2.621854619582106825e-03
2.507791227420543001e-03
2.424156221868178137e-03
2.376931492672521799e-03
2.371914737487071986e-03
2.414703897121034826e-03
2.510550750634872683e-03
2.664049124005822902e-03
2.878649335132251862e-03
3.156023933835575696e-03
3.495349461415845228e-03
3.892609569152822961e-03
4.340055929065229044e-03
4.825971246953996395e-03
5.334851749182847533e-03
5.848062360284542009e-03
6.344928230248353916e-03
6.804135994987597739e-03
7.205255761365403702e-03
7.530180130211485724e-03
7.764311533342805986e-03
7.897397707782133694e-03
7.923991813104696441e-03
7.843575246612874419e-03
7.660414670441766279e-03
7.383229254429263949e-03
7.024727533227257195e-03
6.601047100957915283e-03
6.131105614288320273e-03
5.635856411519317606e-03
5.137441008798722571e-03
4.658244526484107799e-03
4.219885622008536299e-03
3.842203050290572252e-03
3.542327211504783802e-03
3.333937201003847606e-03
3.226794852277296323e-03
3.226615678424036085e-03
3.335288189522031804e-03
3.551399275018774469e-03
3.870977602849431237e-03
4.288339946884678691e-03
4.796921508291182579e-03
5.389988326570348091e-03
6.061160617835460208e-03
6.804711594570524505e-03
7.615639659457698087e-03
8.489538446056713733e-03
9.422307662867687381e-03
1.040975882961835824e-02
1.144717531809842995e-02
1.252888691068552648e-02
1.364791586687915878e-02
1.479574399526274557e-02
1.596223796639235221e-02
1.713575303054809887e-02
1.830341447241204053e-02
1.945155394188333858e-02
2.056625770001918943e-02
2.163396949451526843e-02
2.264208505802681876e-02
2.357947915615096757e-02
2.443691860202777677e-02
2.520733278744799813e-02
2.588593321717439985e-02
2.647019158922868029e-02
2.695969947886121473e-02
2.735594043445492216e-02
2.766200742303065799e-02
2.788229617975009761e-02
2.802219967867765685e-02
2.808782221410226904e-02
2.808572474619317610e-02
2.802270711077714527e-02
2.790562792508777604e-02
2.774125973179942042e-02
2.753617507842283721e-02
2.729665863973435719e-02
2.702864086747547301e-02
2.673764964448729561e-02
2.642877766131896886e-02
2.610666438064739026e-02
2.577549224105905867e-02
2.543899702176442151e-02
2.510049201907258234e-02
2.476290497139148686e-02
2.442882569834974038e-02
2.410056141825176607e-02
2.378019589434586523e-02
2.346964810346213737e-02
2.317072611760279816e-02
2.288517235864567095e-02
2.261469727510864378e-02
2.236099968722882886e-02
2.212577340285479255e-02
2.191070105332833251e-02
2.171743726892095758e-02
2.154758416349992003e-02
2.140266252671616312e-02
2.128408208716825109e-02
2.119311373832355114e-02
2.113086580429112543e-02
2.109826541200360284e-02
2.109604500533236726e-02
2.112473315684488748e-02
2.118464824096003354e-02
2.127589330612203455e-02
2.139835063228188311e-02
2.155167492815123972e-02
2.173528480804098884e-02
2.194835296536114255e-02
2.218979620529430360e-02
2.245826710955770716e-02
2.275214950955067872e-02
2.306956010178118355e-02
2.340835844133721047e-02
2.376616720660295820e-02
2.414040406655368690e-02
2.452832573496042945e-02
2.492708390565927246e-02
2.533379178121025060e-02
2.574559889787101166e-02
2.615977099121020999e-02
2.657377082951857539e-02
2.698533536217423423e-02
2.739254427576977638e-02
2.779387518806800128e-02
2.818824126730436197e-02
2.857500802316655791e-02
2.895398730765549877e-02
2.932540807860807910e-02
2.968986507898777744e-02
3.004824812752566326e-02
3.040165607036929285e-02
3.075130050648765961e-02
3.109840510471044081e-02
3.144410664596983263e-02
3.178936384878742333e-02
3.213487958880832662e-02
3.248104133745645383e-02
3.282788356306177296e-02
3.317507451144115216e-02
3.352192827475090897e-02
3.386744144551236124e-02
3.421035203222550641e-02
3.454921679430064674e-02
3.488250185554062771e-02
3.520868049134950190e-02
3.552633145025595185e-02
3.583423112575747499e-02
3.613143335429661734e-02
3.641733154239468195e-02
3.669169913540618055e-02
3.695470600994686661e-02
3.720691006025412390e-02
3.744922491444233059e-02
3.768286623711401828e-02
3.790928035830028187e-02
3.813005995889211242e-02
3.834685221545172662e-02
3.856126516120100822e-02
3.877477806482330924e-02
3.898866137509454655e-02
3.920391123364165564e-02
3.942120272411756693e-02
3.964086491322964256e-02
3.986287937467695303e-02
4.008690232806220999e-02
4.031230886478389536e-02
4.053825609984584855e-02
4.076376063302246389e-02
4.098778457686161336e-02
4.120932374086230116e-02
4.142749143157123393e-02
4.164159175475238422e-02
4.185117723813815832e-02
4.205608692299287604e-02
4.225646265222411657e-02
4.245274295115596119e-02
4.264563550539027942e-02
4.283607067110432876e-02
4.302513963086891657e-02
4.321402169717781377e-02
4.340390586104812126e-02
4.359591199318898352e-02
4.379101713783617456e-02
4.398999208990962001e-02
4.419335289687198465e-02
4.440133105577811351e-02
4.461386497519677363e-02
4.483061376705129580e-02
4.505099270182868348e-02
4.527422783529309880e-02
4.549942557521759190e-02
4.572565150321984684e-02
4.595201178654601676e-02
4.617773014513965740e-02
4.640221364204982768e-02
4.662510151347873388e-02
4.684629274025371715e-02
4.706594991738738409e-02
4.728447900614688587e-02
4.750248656223324956e-02
4.772071786330126658e-02
4.793998089338474128e-02
4.816106230861308402e-02
4.838464226733604767e-02
4.861121532905163939e-02
4.884102447782458223e-02
4.907401466624045777e-02
4.930981106949588327e-02
4.954772548137087451e-02
4.978679203407844478e-02
5.002583082824334226e-02
5.026353534944148771e-02
