1.203092826196993315e+00
1.203081497695820179e+00
1.203030269691754750e+00
1.202890987603828066e+00
1.202597137014122186e+00
1.202065120182310487e+00
1.201196378696540723e+00
1.199880632664280133e+00
1.198000471994399962e+00
1.195437451106229121e+00
1.192079703001377444e+00
1.187830905156222361e+00
1.182620208141760498e+00
1.176412496584522849e+00
1.169218117353437059e+00
1.161101012664704779e+00
1.152184065067382246e+00
1.142650414768860978e+00
1.132739545369931822e+00
1.122737026008628458e+00
1.112956903183941026e+00
1.103715816154758445e+00
1.095297975126085621e+00
1.087910313114478278e+00
1.081627718081403566e+00
1.076329862671928206e+00
1.071634631727403475e+00
1.066839353510652622e+00
1.060889987086527819e+00
1.052407708778974937e+00
1.039805382140171153e+00
1.021512732077538788e+00
9.962906169982101989e-01
9.635588166609255767e-01
9.236196912240174361e-01
8.776732722424389621e-01
8.275995583393859212e-01
7.755873959187630229e-01
7.237473916810086561e-01
6.738266791605257433e-01
6.270741327706457202e-01
5.842380712274318766e-01
5.456457219897469235e-01
5.113137154093749803e-01
4.810551117915538022e-01
4.545662502088145818e-01
4.314892444981580644e-01
4.114524512950044066e-01
3.940933779805643189e-01
3.790681476210495116e-01
3.660499596504052100e-01
3.547162619286826080e-01
3.447198188789824536e-01
3.356299899802117626e-01
3.268108135656230817e-01
3.171560067229922675e-01
3.044945592429742498e-01
2.843022339006590071e-01
2.476650095925400918e-01
1.837135866369396242e-01
1.075476222336216592e-01
7.750214919486958509e-02
9.944072852806891405e-02
1.327647843340380995e-01
1.597835564236347317e-01
1.792037259234949831e-01
1.930554057258480061e-01
2.031915257932998264e-01
2.108828675349415371e-01
2.169577032569318664e-01
2.219594314109643862e-01
2.262537796959364633e-01
2.300946300243280618e-01
2.336627203552921472e-01
2.370861343081989980e-01
2.404456619294477737e-01
2.437614430327865178e-01
2.469457740444293004e-01
2.496804527471463142e-01
2.511089422128332527e-01
2.490587186686126220e-01
2.381525962848245470e-01
2.064484215147294743e-01
1.389320961722953773e-01
5.816834665715293201e-02
3.051647419602466701e-02
5.184814885300327580e-02
8.350461782784240894e-02
1.109433647116366967e-01
1.328448297545444523e-01
1.506912957520899765e-01
1.660465035432696079e-01
1.801641471259286531e-01
1.940603346400966989e-01
2.086383655938300608e-01
2.247932290357561314e-01
2.434776586522202635e-01
2.656779640571651502e-01
2.921129257811080904e-01
3.220893203314453834e-01
3.501669593493288990e-01
3.596188418694833411e-01
3.223686403851799831e-01
2.328131611562523073e-01
1.356452812739087910e-01
6.968464814680805364e-02
3.542968818718125051e-02
2.039736889108446569e-02
1.510402418055043806e-02
1.439490722418298833e-02
1.572077908902997506e-02
1.784755157338339254e-02
2.017383931636209521e-02
2.239561027999941931e-02
2.433957119638874636e-02
2.587502154035044993e-02
2.686265103289705788e-02
2.712537614905225977e-02
2.644570507505351886e-02
2.461142105789492288e-02
2.153320079611566532e-02
1.740744324718371955e-02
1.279130643528075643e-02
8.437311479782874310e-03
4.955373505373619585e-03
2.587982614420583811e-03
1.245909048122585466e-03
6.808823076201704974e-04
6.308526118262482987e-04
8.864095782236602536e-04
1.301964428636807544e-03
1.784109011686695534e-03
2.275633697822425274e-03
2.742027196768649731e-03
3.161730423148823455e-03
3.519615280415890404e-03
3.802958974813479883e-03
3.999505067186468615e-03
4.097563659978490508e-03
4.088194790438408159e-03
3.969059389759735379e-03
3.748482484300141252e-03
3.447320086624757959e-03
3.096615037623870643e-03
2.731281850043314283e-03
2.382643342646185991e-03
2.073202717512245916e-03
1.815208929037815224e-03
1.612282582473078272e-03
1.462351826397115858e-03
1.360459165410530169e-03
1.300776370127652935e-03
1.277757034636438707e-03
1.286616859574876096e-03
1.323369927555181121e-03
1.384600040484132042e-03
1.467090718727204158e-03
1.567407843714401774e-03
1.681528314833449734e-03
1.804621641923154348e-03
1.931090852486431163e-03
2.054933086847998518e-03
2.170377809178294926e-03
2.272635697225114729e-03
2.358517042591460819e-03
2.426714973857365364e-03
2.477684933210362248e-03
2.513206377963150395e-03
2.535800513297799610e-03
2.548172411776482727e-03
2.552780834754314002e-03
2.551565821262300349e-03
2.545815119735734666e-03
2.536131952761964872e-03
2.522469392760520127e-03
2.504208871713780107e-03
2.480273202391000513e-03
2.449272901186319747e-03
2.409686228076479871e-03
2.360067876308485392e-03
2.299270607239867724e-03
2.226652956794892418e-03
2.142240876804270798e-03
2.046817180061357572e-03
1.941930423017376251e-03
1.829838245245513431e-03
1.713419017712716590e-03
1.596091519500076857e-03
1.481773326629883545e-03
1.374889369694221866e-03
1.280420248309614402e-03
1.203961471582565453e-03
1.151752585715606469e-03
1.130629412498938835e-03
1.147853102712309689e-03
1.210777165527100827e-03
1.326330090508000313e-03
1.500318800917918843e-03
1.736597122937089208e-03
2.036189397983907863e-03
2.396501981010217604e-03
2.810779436173803901e-03
3.267952455942867845e-03
3.752973132546811360e-03
4.247646843334930422e-03
4.731870861516160494e-03
5.185108356346698581e-03
5.587888461343622215e-03
5.923137989494333885e-03
6.177207925437441620e-03
6.340534551194149451e-03
6.407945734730097903e-03
6.378670284039377435e-03
6.256126906878568643e-03
6.047563705149185294e-03
5.763599020772715471e-03
5.417690382579116136e-03
5.025538842357201753e-03
4.604426575012715399e-03
4.172488364096027004e-03
3.747931358901591091e-03
3.348238096548333039e-03
2.989408654564899501e-03
2.685311374250780227e-03
2.447211528183320783e-03
2.283530842263436708e-03
2.199860223462946594e-03
2.199210369328650182e-03
2.282449492283808532e-03
2.448852598413272987e-03
2.696677340437049833e-03
3.023687408020652150e-03
3.427561873328135045e-03
3.906152256196613812e-03
4.457573059488336396e-03
5.080132613676843073e-03
5.772127735273961668e-03
6.531537921126185330e-03
7.355663182515391821e-03
8.240754632562971929e-03
9.181688448936456068e-03
1.017173112309370346e-02
1.120243607387744894e-02
1.226369830320652582e-02
1.334397545215974465e-02
1.443066244801979522e-02
1.551058622831787311e-02
1.657057060771436816e-02
1.759801248331113385e-02
1.858141096110636770e-02
1.951080024566161780e-02
2.037805293936107223e-02
2.117703923216888648e-02
2.190364566016679906e-02
2.255567177099086426e-02
2.313263254503248462e-02
2.363549851031397295e-02
2.406640491276063748e-02
2.442835737842592378e-02
2.472495566335954770e-02
2.496015057492941003e-02
2.513804287955699601e-02
2.526272755822647070e-02
2.533818242614779490e-02
2.536819699499657382e-02
2.535633549864475811e-02
2.530592711751785545e-02
2.522007645158058642e-02
2.510168798410134308e-02
2.495349938667656628e-02
2.477811976836593461e-02
2.457807012236704405e-02
2.435582409143808441e-02
2.411384766952171660e-02
2.385463659244005732e-02
2.358075004011063805e-02
2.329483902353356867e-02
2.299966762153488053e-02
2.269812520095246602e-02
2.239322798601890013e-02
2.208810886242090765e-02
2.178599507144976868e-02
2.149017438109371986e-02
2.120395129117503413e-02
2.093059570307998288e-02
2.067328713489904532e-02
2.043505789355136090e-02
2.021873857703096466e-02
2.002690887885101925e-02
1.986185596608694773e-02
1.972554181141373403e-02
1.961957991446686839e-02
1.954522098720556239e-02
1.950334651754472015e-02
1.949446873916765854e-02
1.951873544541904079e-02
1.957593826393290090e-02
1.966552339013519918e-02
1.978660427454451490e-02
1.993797627997911590e-02
2.011813379052077022e-02
2.032529060427938281e-02
2.055740463875542490e-02
2.081220800296936652e-02
2.108724334190850355e-02
2.137990704449073409e-02
2.168749944277635969e-02
2.200728154276001061e-02
2.233653715178719398e-02
2.267263855427207112e-02
2.301311320071368002e-02
2.335570829230449591e-02
2.369844974721724978e-02
2.403969190090218117e-02
2.437815447671736260e-02
2.471294388638025849e-02
2.504355676129760636e-02
2.536986471199757093e-02
2.569208056454371294e-02
2.601070761022093378e-02
2.632647460577841256e-02
2.664026026885275844e-02
2.695301174720849541e-02
2.726566195485971220e-02
2.757905074907279069e-02
2.789385468203970861e-02
2.821052953006656164e-02
2.852926902238289361e-02
2.884998220788340118e-02
2.917229076239782198e-02
2.949554630821980827e-02
2.981886655633328789e-02
3.014118786389425805e-02
3.046133070656324715e-02
3.077807368123655282e-02
3.109023105753426844e-02
3.139672864734255331e-02
3.169667289481868655e-02
3.198940860346376897e-02
3.227456157277600046e-02
3.255206353990818674e-02
3.282215811055979454e-02
3.308538770395685891e-02
3.334256281734746669e-02
3.359471604018758606e-02
3.384304414710716941e-02
3.408884223142615022e-02
3.433343419458921575e-02
3.457810398948466674e-02
3.482403184760370085e-02
3.507223932623358686e-02
3.532354641690515357e-02
3.557854318383082276e-02
3.583757747730721699e-02
3.610075922661418885e-02
3.636798070837989755e-02
3.663895107524599293e-02
3.691324239677887947e-02
3.719034359930322581e-02
3.746971808018313699e-02
3.775086048561492741e-02
3.803334822124408710e-02
3.831688371677508670e-02
3.860132425414810470e-02
3.888669722260523071e-02
3.917319988523027680e-02
3.946118401929581826e-02
3.975112701673118309e-02
4.004359210393888119e-02
4.033918118542111075e-02
4.063848438015704723e-02
4.094203057250259820e-02
4.125024322822339051e-02
4.156340533444526780e-02
4.188163662775266916e-02
4.220488531236882279e-02
4.253293529593624861e-02
4.286542866256144724e-02
4.320190176201639531e-02
4.354183203451678780e-02
4.388469162791022726e-02
4.423000310003933483e-02
4.457739210797970197e-02
4.492663200821143954e-02
4.527767573271841706e-02
4.563067114043412725e-02
4.598595722228360910e-02
4.634403999374920452e-02
4.670554855920425880e-02
4.707117358096860743e-02
4.744159212427984107e-02
4.781738445473857763e-02
4.819894970164952802e-02
4.858642821990394323e-02
4.897963882720066803e-02
4.937803870897971431e-02
4.978071255060600997e-02
5.018639533001792441e-02
5.059353026466735515e-02
5.100035989526297692e-02
5.140504460845753826e-02
5.180579956039356448e-02
5.220103847247425238e-02
