9.806244779055330874e-01
9.786451797221048521e-01
9.752913939185893222e-01
9.704831915091028938e-01
9.641137481999311198e-01
9.560545549475426563e-01
9.461622489049161810e-01
9.342870618342299371e-01
9.202827778643992707e-01
9.040179387510903775e-01
8.853878400291662620e-01
8.643266437493446475e-01
8.408187228081087650e-01
8.149081886283350284e-01
7.867054839364194807e-01
7.563899877133662963e-01
7.242078066069269626e-01
6.904643156301963902e-01
6.555115264756674609e-01
6.197309383858643494e-01
5.835130803053836246e-01
5.472354045987432025e-01
5.112404926857005982e-01
4.758166813861859912e-01
4.411832658858352296e-01
4.074824538652322969e-01
3.747802630411967151e-01
3.430784428102414685e-01
3.123388519585895695e-01
2.825198281525207467e-01
2.536202439760266714e-01
2.257213659572252784e-01
1.990116343732411253e-01
1.737796173971860869e-01
1.503695993529517716e-01
1.291106875766125373e-01
1.102444440069745984e-01
9.387729577211402499e-02
7.997096450987846439e-02
6.836644791887752648e-02
5.882596719773500182e-02
5.107658897524874203e-02
4.484517717745058890e-02
3.988127725496073278e-02
3.596920450430189653e-02
3.293254502073091061e-02
3.063441633274575221e-02
2.897624148581696979e-02
2.789717646291578826e-02
2.737607487769885134e-02
2.743822217212635653e-02
2.817037701502591446e-02
2.975069260497819126e-02
3.250659801309784686e-02
3.702741997398376061e-02
4.438597929371301820e-02
5.656597449988808035e-02
7.716102913918213013e-02
1.115644717893705395e-01
1.608989173688085417e-01
1.992170799763633704e-01
1.858797394828087812e-01
1.421311164099980928e-01
1.043105308549620303e-01
7.924796177537547781e-02
6.335091201518994186e-02
5.308885324556692625e-02
4.626970295485247076e-02
4.162838242369677061e-02
3.843166967440753146e-02
3.624594685870543426e-02
3.481155602615928352e-02
3.397557697307463515e-02
3.365625132764068356e-02
3.382557497847542977e-02
3.450384348956542224e-02
3.576416544112645535e-02
3.774790551051945137e-02
4.069401876858914913e-02
4.498263820394891171e-02
5.116367603511794149e-02
5.977425258154668575e-02
7.003361012732976787e-02
7.534037066001729455e-02
6.276552368279579575e-02
3.799655286031711210e-02
2.002783297319812514e-02
1.128390965392519173e-02
7.592771686141972128e-03
6.203338386182652778e-03
5.848951013098844728e-03
5.978905107861959452e-03
6.354639910470738333e-03
6.877527888660936103e-03
7.517627385864096567e-03
8.285243129882062865e-03
9.222053227924074600e-03
1.040211352566114238e-02
1.193517664471806065e-02
1.395177502268701332e-02
1.649880147800533367e-02
1.918099316194774029e-02
2.063270566882144386e-02
1.933077898117766327e-02
1.600751631479818346e-02
1.272093197332933162e-02
1.038488635760087889e-02
8.932788155585135587e-03
8.092415059054438795e-03
7.654034856097158973e-03
7.492702553534632583e-03
7.544036360475405226e-03
7.783548411593760319e-03
8.214664466880339938e-03
8.862601857725267013e-03
9.770642020876733891e-03
1.099480177298275616e-02
1.259107553166153096e-02
1.458711520581155822e-02
1.693231565923824719e-02
1.943795959774497276e-02
2.175790905772394257e-02
2.348010924519574813e-02
2.431768714892266689e-02
2.424960030455804508e-02
2.348451047757645765e-02
2.231061764089127888e-02
2.097229621839867900e-02
1.962738609748525612e-02
1.835754949319206089e-02
1.719397933208555510e-02
1.613970579738199448e-02
1.518434681285831846e-02
1.431275066395352319e-02
1.350988089799977539e-02
1.276374327135532116e-02
1.206741482492887894e-02
1.142057426529217816e-02
1.083032189576711539e-02
1.031054539147214719e-02
9.878917463145769212e-03
9.551287647344587975e-03
9.334880815758651862e-03
9.223331841981114582e-03
9.196374780607839000e-03
9.224460550707243994e-03
9.275724842972539810e-03
9.322011329902032614e-03
9.342162814984058747e-03
9.322718141932384919e-03
9.257127200846213336e-03
9.144579583921634905e-03
8.989105378118132997e-03
8.799182188539356880e-03
8.587801350167166906e-03
8.372773686440296986e-03
8.176929802781620141e-03
8.027772039769752455e-03
7.956108775459011170e-03
7.993343425875683653e-03
8.167489256517801791e-03
8.498602413280506238e-03
8.994910388515291177e-03
9.651044168095528064e-03
1.044918957018264698e-02
1.136285937593797465e-02
1.236198093843425896e-02
1.341766753542983880e-02
1.450546738421315020e-02
1.560666397691440506e-02
1.670786419501809131e-02
1.779943014531636461e-02
1.887332797871094092e-02
1.992083959255503203e-02
2.093044865313449868e-02
2.188613769771522929e-02
2.276632178639650950e-02
2.354365946257756803e-02
2.418596635613542989e-02
2.465835298115079052e-02
2.492648631588215841e-02
2.496056519273874216e-02
2.473930794248956413e-02
2.425312523332586248e-02
2.350579979894987931e-02
2.251440106597187366e-02
2.130767012524454468e-02
1.992350578401995767e-02
1.840631920225667059e-02
1.680489397214779065e-02
1.517109429815399757e-02
1.355944115930788826e-02
1.202732103659871418e-02
1.063543921620316475e-02
9.448072214749142148e-03
8.532691025019746925e-03
7.958606227284141174e-03
7.794428014841062353e-03
8.104343132122415402e-03
8.943477936366220696e-03
1.035290442958464001e-02
1.235508200889335641e-02
1.495062063806856800e-02
1.811712768711846652e-02
2.181054943332891294e-02
2.596891509649063706e-02
3.051788262776743837e-02
3.537712982086795022e-02
4.046653305510578696e-02
4.571123321196553929e-02
5.104502097492631674e-02
5.641186003808618121e-02
6.176570051280228651e-02
6.706895781480762264e-02
7.229013683666175860e-02
7.740109239134247698e-02
8.237437004425446352e-02
8.718099530914630302e-02
9.178898912581830161e-02
9.616278703667276162e-02
1.002636266898967732e-01
1.040508440012456043e-01
1.074838918919844427e-01
1.105247862880174153e-01
1.131406166151862347e-01
1.153057530027702671e-01
1.170034465974256199e-01
1.182266403233153962e-01
1.189779558872737647e-01
1.192689626069064063e-01
1.191189338922583052e-01
1.185533416884467922e-01
1.176023287293071623e-01
1.162993470210447744e-01
1.146800783513067246e-01
1.127816774994507554e-01
1.106423146570095079e-01
1.083009475352863654e-01
1.057972278059826077e-01
1.031714397765319952e-01
1.004643788885837968e-01
9.771710040228490102e-02
9.497050058522488181e-02
9.226472919164156739e-02
8.963846751729799556e-02
8.712813504633451500e-02
8.476710459009514920e-02
8.258500780131183827e-02
8.060720000932700136e-02
7.885442867702791014e-02
7.734271908040629695e-02
7.608346060429620195e-02
7.508365305739385376e-02
7.434625825947777100e-02
7.387059888890600001e-02
7.365275298183751596e-02
7.368590587661823232e-02
7.396063858425566684e-02
7.446514948641742848e-02
7.518542240119419073e-02
7.610536653190735912e-02
7.720696132573011405e-02
7.847044104499627248e-02
7.987454967603921374e-02
8.139688710610376576e-02
8.301435348993373153e-02
8.470368237030095893e-02
8.644203694739430177e-02
8.820763060966137215e-02
8.998032476292536219e-02
9.174215554332651457e-02
9.347774635944554322e-02
9.517457431360522302e-02
9.682307337783500889e-02
9.841657327391212240e-02
9.995108796518235861e-02
1.014249796970646128e-01
1.028385325896312985e-01
1.041934736385466131e-01
1.054924789857004941e-01
1.067387002162172999e-01
1.079353400974662064e-01
1.090853004332124898e-01
1.101909172680416021e-01
1.112537911029919668e-01
1.122747125140451108e-01
1.132536769668526233e-01
1.141899770172902090e-01
1.150823557658004065e-01
1.159292026252872754e-01
1.167287713039652508e-01
1.174794003977836510e-01
1.181797189759312000e-01
1.188288227203212616e-01
1.194264101266447053e-01
1.199728725233398102e-01
1.204693357736462828e-01
1.209176551418060241e-01
1.213203677031412936e-01
1.216806087722183960e-01
1.220020001438243545e-01
1.222885185962203636e-01
1.225443532354949516e-01
1.227737599965033483e-01
1.229809210588363455e-01
1.231698161422274257e-01
1.233441116364157319e-01
1.235070723005164822e-01
1.236614988464390941e-01
1.238096931346235469e-01
1.239534510288211183e-01
1.240940812855722136e-01
1.242324473225284859e-01
1.243690274496470627e-01
1.245039882693406846e-01
1.246372655244916972e-01
1.247686467103848451e-01
1.248978502251853334e-01
1.250245966242736206e-01
1.251486685496532303e-01
1.252699570046985345e-01
1.253884927300481511e-01
1.255044624314234081e-01
1.256182104723329584e-01
1.257302273629857525e-01
1.258411269610990035e-01
1.259516147676467968e-01
1.260624500623916122e-01
1.261744048772661664e-01
1.262882229306243609e-01
1.264045816101333208e-01
1.265240598629934488e-01
1.266471144074475530e-01
1.267740660221813309e-01
1.269050968366630117e-01
1.270402586063718031e-01
1.271794910093798914e-01
1.273226481528935694e-01
1.274695308294258589e-01
1.276199216838040662e-01
1.277736203746479282e-01
1.279304760223782533e-01
1.280904146753860107e-01
1.282534601160426890e-01
1.284197469799362445e-01
1.285895257960968652e-01
1.287631601166468742e-01
1.289411163635856006e-01
1.291239473772244628e-01
1.293122709226054157e-01
1.295067446207803785e-01
1.297080389389233812e-01
1.299168099989850000e-01
1.301336740316531571e-01
1.303591852768495873e-01
1.305938189732635812e-01
1.308379607549469970e-01
1.310919032731882594e-01
1.313558502124759775e-01
1.316299271340743704e-01
1.319141978550680550e-01
1.322086844643624581e-01
1.325133886916254888e-01
1.328283122505617420e-01
1.331534739966055425e-01
1.334889222399541220e-01
1.338347412596576358e-01
1.341910518645982875e-01
1.345580066247645812e-01
1.349357810457029461e-01
1.353245624032194949e-01
1.357245381547191043e-01
1.361358857969618974e-01
1.365587657801470289e-01
1.369933186712248840e-01
1.374396672522294471e-01
1.378979237071660813e-01
1.383682015435691026e-01
1.388506314399030328e-01
1.393453798106954467e-01
1.398526685236866907e-01
1.403727938709754541e-01
1.409061425894078123e-01
1.414532024765260965e-01
1.420145650272179316e-01
1.425909176201958228e-01
1.431830232134128078e-01
1.437916863364622766e-01
1.444177054116831949e-01
1.450618130348995949e-01
1.457246076652222166e-01
1.464064820086435348e-01
1.471075549852984832e-01
1.478276152770055529e-01
1.485660848020960711e-01
1.493220098440522781e-01
1.500940858453776450e-01
1.508807190871248316e-01
1.516801248130005275e-01
1.524904572327195063e-01
1.533099628198704989e-01
1.541371450245870856e-01
1.549709264705588507e-01
