1.229817119602004238e+00
1.231629462559993060e+00
1.234634233905159029e+00
1.238807648046806875e+00
1.244116422562647983e+00
1.250518222641598731e+00
1.257962813251391587e+00
1.266394301961415225e+00
1.275754879078336179e+00
1.285990444674427025e+00
1.297058444347578776e+00
1.308938108652101473e+00
1.321643100609072086e+00
1.335236323920266477e+00
1.349846342256136200e+00
1.365684524877533779e+00
1.383061683853718637e+00
1.402402609544285417e+00
1.424256522231446720e+00
1.449300973462772424e+00
1.478336034426230849e+00
1.512264548105143103e+00
1.552052667074664605e+00
1.598662877192486009e+00
1.652949660738658677e+00
1.715507149368411088e+00
1.786461165893191039e+00
1.865209170295172525e+00
1.950135723655337383e+00
2.038370100427719489e+00
2.125698055352627680e+00
2.206764184091316139e+00
2.275661558516202110e+00
2.326871795168379276e+00
2.356326236516371520e+00
2.362225057014011753e+00
2.345300811986851919e+00
2.308449475130233797e+00
2.255924472049705809e+00
2.192423130244946616e+00
2.122342688222819795e+00
2.049330770422060244e+00
1.976115951141181659e+00
1.904532958109465213e+00
1.835648104775415401e+00
1.769913222126401342e+00
1.707304951198096887e+00
1.647428112868671635e+00
1.589573996457101845e+00
1.532727902994147406e+00
1.475516554494991750e+00
1.416074772414818828e+00
1.351788925625017956e+00
1.278834722541934754e+00
1.191358885013776625e+00
1.080068669396425873e+00
9.300832322418004505e-01
7.194712357189615437e-01
4.296425809122353390e-01
1.138507675206814618e-01
3.421113067917560396e-02
3.795271458491870642e-01
8.172992105763675630e-01
1.103596819666549322e+00
1.256718304243707340e+00
1.334391721206755976e+00
1.372240822588960851e+00
1.388517657215103229e+00
1.392392394675349365e+00
1.388527325958222480e+00
1.379276176986091729e+00
1.365724950186372855e+00
1.348180063105404169e+00
1.326376009407896683e+00
1.299517531152582617e+00
1.266192719351687979e+00
1.224143862772443025e+00
1.169838293138510732e+00
1.097738541838603865e+00
9.991970266943263068e-01
8.614314363170161304e-01
6.703384727380786723e-01
4.359775045939350835e-01
2.883624580168670515e-01
5.091771139555993919e-01
1.014383302286363531e+00
1.405637869185465183e+00
1.612577158051980986e+00
1.715164255925580861e+00
1.770712220341040144e+00
1.807175034677115599e+00
1.837816541051509267e+00
1.869489494182697387e+00
1.906327561036154972e+00
1.951342747823906043e+00
2.007040463599241154e+00
2.075342041566762497e+00
2.156467501931370379e+00
2.245415729521837100e+00
2.322616187921965114e+00
2.333069018604580602e+00
2.160290610312091353e+00
1.676051377070845394e+00
9.739468237975315024e-01
3.952479240501492463e-01
1.009057820339999412e-01
8.585576303996086261e-03
1.015579947996965611e-02
4.484708316881071827e-02
8.597887699488346303e-02
1.230694570917752195e-01
1.524015551438829552e-01
1.728884519758543958e-01
1.843590126790884687e-01
1.868798281268039541e-01
1.805505200731390147e-01
1.655813151229548752e-01
1.426337130170313994e-01
1.134554086844957455e-01
8.170947095650767100e-02
5.346374464991152792e-02
3.626661753089260171e-02
3.615889948973937534e-02
5.422745368961482543e-02
8.594389839674268505e-02
1.240383587242988722e-01
1.620275402565596601e-01
1.958693234733422106e-01
2.237927729702077762e-01
2.454543329439249910e-01
2.611797618950911781e-01
2.714913346963411245e-01
2.768688925650542587e-01
2.776533415295940332e-01
2.740292922943532439e-01
2.660566942773943677e-01
2.537439564463694341e-01
2.371650045276972596e-01
2.166172632296403666e-01
1.927925718536699640e-01
1.668927909348650596e-01
1.405941252117983709e-01
1.157976413003225652e-01
9.421806115607711529e-02
7.698795332696715954e-02
6.446710532388670589e-02
5.631830040399971038e-02
5.175756894687893322e-02
4.983201674008604087e-02
4.962523583009650907e-02
5.036472970851964270e-02
5.145258252166792085e-02
5.245275069527784162e-02
5.306176550164933697e-02
5.307882752309002472e-02
5.238273243627303288e-02
5.091778372241095169e-02
4.868776541130735019e-02
4.575499025081893739e-02
4.223987931574283566e-02
3.831579442604441527e-02
3.419484376552397314e-02
3.010372850617768631e-02
2.625357457420175733e-02
2.281159175089284008e-02
1.988267309731216875e-02
1.750523293753470863e-02
1.566005289786635835e-02
1.428690467314556491e-02
1.330286350977747181e-02
1.261787941859802802e-02
1.214565456468533027e-02
1.180986522846953421e-02
1.154680738455859945e-02
1.130579138617176203e-02
1.104841163646382018e-02
1.074745756816533615e-02
1.038587162787998203e-02
9.955862649955043997e-03
9.458071166390519605e-03
8.900571595252150872e-03
8.297499343450724305e-03
7.667206949116493926e-03
7.030043282024747882e-03
6.406034815756517578e-03
5.812841086524046623e-03
5.264311430680524914e-03
4.769810544004624529e-03
4.334283239504898091e-03
3.958875377137729620e-03
3.641861518721881564e-03
3.379645625594080577e-03
3.167665080511775696e-03
3.001103244342832616e-03
2.875377300345492108e-03
2.786407831751648318e-03
2.730697062182068768e-03
2.705251297382189717e-03
2.707387089206718736e-03
2.734464582310718126e-03
2.783596425558709526e-03
2.851384332837356411e-03
2.933733845797010121e-03
3.025787527607213395e-03
3.121997005053734394e-03
3.216328425331293258e-03
3.302570757149075539e-03
3.374699173218523394e-03
3.427240908452577287e-03
3.455598241118645712e-03
3.456298272812064181e-03
3.427155998709764499e-03
3.367350735739253233e-03
3.277423801455392298e-03
3.159207536634080736e-03
3.015694262529860451e-03
2.850851169655914483e-03
2.669385834524055576e-03
2.476468627084241203e-03
2.277423136008645960e-03
2.077403056061966936e-03
1.881081724018967552e-03
1.692385876912899309e-03
1.514305514716280743e-03
1.348805338348368866e-03
1.196850401151749793e-03
1.058541811072195166e-03
9.333414938514480921e-04
8.203522551058842205e-04
7.186134449626785728e-04
6.273740662401709961e-04
5.463127272971704832e-04
4.756847303469418134e-04
4.163879797900878177e-04
3.699492129850566794e-04
3.384393339869410256e-04
3.243314030192450065e-04
3.303177231883946421e-04
3.591042113450817986e-04
4.132013327975836837e-04
4.947313771024896330e-04
6.052713914576754103e-04
7.457490695860203005e-04
9.164047758743675779e-04
1.116826499615007802e-03
1.346056314467453585e-03
1.602757926804412522e-03
1.885426621844195003e-03
2.192616878959617859e-03
2.523160239075763079e-03
2.876347054599208853e-03
3.252050130114924296e-03
3.650774965645073745e-03
4.073629098478141926e-03
4.522210787138049651e-03
4.998424246518339172e-03
5.504234510450556166e-03
6.041379770499449332e-03
6.611062837804317256e-03
7.213646229250530659e-03
7.848377097557869900e-03
8.513168372584678165e-03
9.204460488792393091e-03
9.917183443166307025e-03
1.064483148073809733e-02
1.137965279436536394e-02
1.211294522625512744e-02
1.283543757689941008e-02
1.353772652425507678e-02
1.421073295093062266e-02
1.484613974236480630e-02
1.543677610395717374e-02
1.597692051882125194e-02
1.646250429619164346e-02
1.689120855195484078e-02
1.726245776434472134e-02
1.757732147272099768e-02
1.783834149628369531e-02
1.804930506940386620e-02
1.821498480458346933e-02
1.834086496796099447e-02
1.843287085228642944e-02
1.849711468437277920e-02
1.853966800788741168e-02
1.856636718001135680e-02
1.858265570555665824e-02
1.859346468211125342e-02
1.860313064627936927e-02
1.861534855676178976e-02
1.863315647627319938e-02
1.865894767762698789e-02
1.869450536713852112e-02
1.874105496712444655e-02
1.879932890759241845e-02
1.886963911965918936e-02
1.895195286486405645e-02
1.904596812981552631e-02
1.915118551091197358e-02
1.926697425276581790e-02
1.939263083327388143e-02
1.952742916344572463e-02
1.967066205840599727e-02
1.982167411741169588e-02
1.997988651678481511e-02
2.014481447099291181e-02
2.031607826085127938e-02
2.049340877546982145e-02
2.067664848068532721e-02
2.086574862842888178e-02
2.106076337830282974e-02
2.126184133620828004e-02
2.146921484797650881e-02
2.168318724087378579e-02
2.190411810197339174e-02
2.213240663382702589e-02
2.236847314152729319e-02
2.261273878002560689e-02
2.286560381787005811e-02
2.312742483900992116e-02
2.339849149031840436e-02
2.367900357042185960e-02
2.396904942754225776e-02
2.426858677425093938e-02
2.457742712059226772e-02
2.489522506004722413e-02
2.522147360142027242e-02
2.555550661038890822e-02
2.589650919509430688e-02
2.624353653286407018e-02
2.659554118968158326e-02
2.695140844157614679e-02
2.730999849352468492e-02
2.767019384841946580e-02
2.803094946239466020e-02
2.839134279934629052e-02
2.875062053508790558e-02
2.910823852087393235e-02
2.946389173989186899e-02
2.981753139556931123e-02
3.016936694336013608e-02
3.051985177436308469e-02
3.086965231216791047e-02
3.121960141234830788e-02
3.157063807347160883e-02
3.192373650367957144e-02
3.227982847616455570e-02
3.263972360351138913e-02
3.300403262920607178e-02
3.337309904355566931e-02
3.374694424844775636e-02
3.412523108536760080e-02
3.450724976990410947e-02
3.489192912248226947e-02
3.527787445712905756e-02
3.566343164136891869e-02
3.604677478171220556e-02
3.642601288957823119e-02
3.679930895526398182e-02
3.716500333304678660e-02
3.752173242828590188e-02
3.786853352764167624e-02
3.820492728552168232e-02
3.853097082772766191e-02
3.884727651216397792e-02
3.915499387915574725e-02
3.945575498094607003e-02
3.975158586331555693e-02
4.004478929178508645e-02
4.033780574790955809e-02
4.063306121231399781e-02
4.093281129186805700e-02
4.123899184569877752e-02
4.155308640720382224e-02
4.187602033483111413e-02
4.220809065877539207e-02
4.254893891176569909e-02
4.289757175780740950e-02
4.325243097078259463e-02
4.361151041528775474e-02
4.397251346127554333e-02
4.433304018403673441e-02
4.469079030085850585e-02
4.504376558686255805e-02
4.539045486693387560e-02
4.572998574256835480e-02
4.606222986335137964e-02
4.638785243815921749e-02
4.670830129365904915e-02
4.702573557872390120e-02
4.734289870502973036e-02
4.766294397922353487e-02
4.798922447454277013e-02
4.832506102108128504e-02
4.867350386101385040e-02
4.903710460560668782e-02
4.941771562997259587e-02
4.981633377641035698e-02
5.023300388526296539e-02
5.066679484923067300e-02
5.111585630079197584e-02
5.157755767658724760e-02
5.204870365880340938e-02
5.252581172454895420e-02
