1.190915224643090742e+00
1.190580128976942209e+00
1.189984060385775866e+00
1.189071301823115823e+00
1.187765301066055823e+00
1.185970469492742430e+00
1.183574934839155990e+00
1.180454483478345029e+00
1.176477881388512614e+00
1.171513666066209103e+00
1.165438353647566094e+00
1.158145811778160894e+00
1.149557322524563663e+00
1.139631623026676976e+00
1.128373994861339824e+00
1.115843310397573562e+00
1.102155866517564586e+00
1.087484860909982087e+00
1.072054490682875505e+00
1.056127850783794120e+00
1.039988038780225166e+00
1.023912098401294157e+00
1.008137668930401132e+00
9.928225641911044841e-01
9.779982584697496373e-01
9.635198828896555101e-01
9.490184548419073884e-01
9.338661430872061686e-01
9.171719879734275827e-01
8.978310993427719433e-01
8.746491878562758782e-01
8.465484740906082939e-01
8.128265315438631955e-01
7.733963257008642511e-01
7.289116457836607443e-01
6.807075450521051785e-01
6.305604896788805647e-01
5.803540719647604096e-01
5.317687856168035188e-01
4.860825892714116803e-01
4.441050547265789072e-01
4.062157934739692999e-01
3.724580920078146562e-01
3.426451825923603201e-01
3.164534791146720316e-01
2.934926291456127490e-01
2.733519756066516426e-01
2.556273473963532328e-01
2.399329270417347448e-01
2.259019857470551396e-01
2.131785102215719152e-01
2.013994351396444504e-01
1.901639628627378731e-01
1.789811762748106383e-01
1.671777099629777330e-01
1.537313598487750621e-01
1.369831084457847903e-01
1.142705356411580775e-01
8.236016968302617425e-02
4.336188902576658399e-02
2.100044201430490906e-02
4.150272900787702057e-02
7.954407687318396092e-02
1.078990354626856163e-01
1.246088596649886360e-01
1.340118244903010791e-01
1.393326949321781472e-01
1.423852301583450330e-01
1.441539566382941950e-01
1.451856918461057189e-01
1.457961596787387959e-01
1.461753995579393173e-01
1.464421359081855001e-01
1.466718679327664032e-01
1.469100414224291939e-01
1.471743727103080324e-01
1.474448722828863023e-01
1.476325043573454010e-01
1.475012010889891756e-01
1.464775171067972392e-01
1.431812956893464273e-01
1.343183741648940888e-01
1.128338334644670704e-01
7.056521395325199286e-02
2.261982663948157446e-02
7.965572950204224956e-03
2.174106744509297223e-02
4.050663770194107977e-02
5.607141041862234720e-02
6.797180095703760083e-02
7.722898337555625381e-02
8.481604300830777876e-02
9.147152236116573576e-02
9.776021083826297309e-02
1.041508876656431770e-01
1.110746302496535137e-01
1.189567575492249535e-01
1.281988672921694494e-01
1.390248102261694430e-01
1.509370709238341546e-01
1.612127158281036754e-01
1.621518900416207831e-01
1.417263878475464312e-01
9.914939255468749324e-02
5.544121743315674755e-02
2.703322377110526503e-02
1.300408077626657652e-02
7.317397961246981108e-03
5.676621200531467917e-03
5.834499478756740784e-03
6.719224765108401318e-03
7.833567991247434442e-03
8.948625443951703506e-03
9.957436449917065474e-03
1.080410934605247411e-02
1.144726635802009902e-02
1.183926168660154148e-02
1.191452037563401484e-02
1.158868273700290087e-02
1.077755398289780703e-02
9.445810631009033884e-03
7.674827967735852775e-03
5.694941314141003380e-03
3.818522222466152246e-03
2.300733998533809575e-03
1.245722832664677765e-03
6.201689514903261334e-04
3.240852134739997600e-04
2.509451263680069098e-04
3.154827839204198559e-04
4.586388384794075779e-04
6.429634156035222764e-04
8.461169673719997264e-04
1.055298809544710868e-03
1.263116547281961178e-03
1.464639199455239002e-03
1.655280534225475565e-03
1.829313636755465142e-03
1.979059402727255217e-03
2.095015712309781456e-03
2.167229562998774020e-03
2.187847073534266058e-03
2.154011506842913072e-03
2.069651993347347129e-03
1.945008283153300743e-03
1.794037397772395162e-03
1.631087853091049006e-03
1.468358214282382106e-03
1.314820866061784752e-03
1.176399948116106523e-03
1.056816622970686024e-03
9.585898852825889150e-04
8.839066648278422504e-04
8.352534233879959887e-04
8.157845573176450036e-04
8.294164517343797496e-04
8.806210432550732941e-04
9.738864729359994780e-04
1.112846332563974857e-03
1.299172500109321057e-03
1.531467667265289144e-03
1.804518542763336409e-03
2.109274890473544252e-03
2.433727712189541394e-03
2.764518777853990084e-03
3.088804940163544788e-03
3.395815800607082310e-03
3.677723533369201599e-03
3.929753145617280626e-03
4.149715374543694671e-03
4.337246253358600923e-03
4.493006080834970571e-03
4.617999492612789338e-03
4.713090456949346058e-03
4.778729069637686899e-03
4.814880657927563673e-03
4.821138965260081920e-03
4.796999736686288068e-03
4.742258788912806673e-03
4.657476690681778067e-03
4.544426292449124660e-03
4.406423188400878689e-03
4.248448643694977683e-03
4.077017518585721728e-03
3.899811285831265330e-03
3.725162980961165774e-03
3.561517985920394092e-03
3.416986874207652777e-03
3.299061234380446742e-03
3.214503131099397462e-03
3.169367213902796708e-03
3.169084604779077476e-03
3.218530514489845087e-03
3.322006899848405602e-03
3.483090482744202136e-03
3.704321087389530944e-03
3.986734584290304965e-03
4.329278859824565485e-03
4.728188461943183714e-03
5.176428148673217246e-03
5.663337268252206097e-03
6.174603557830095346e-03
6.692657882589059422e-03
7.197511871311787664e-03
7.667973009140748725e-03
8.083091701282883040e-03
8.423648113971896750e-03
8.673488169078712867e-03
8.820564742518525320e-03
8.857612701296445346e-03
8.782459335336322351e-03
8.598024134911163088e-03
8.312084267920896372e-03
7.936876763113324962e-03
7.488585129601910660e-03
6.986729187477703183e-03
6.453453108872668313e-03
5.912695664307573290e-03
5.389232162864252343e-03
4.907599260957790435e-03
4.490947236344826864e-03
4.159901099102798587e-03
3.931540964606621003e-03
3.818622355295527189e-03
3.829141163541214740e-03
3.966305675040358511e-03
4.228917504403672915e-03
4.612099072896172318e-03
5.108253386448083702e-03
5.708114269286466633e-03
6.401745969492451081e-03
7.179376118635689280e-03
8.031985926784600618e-03
8.951625424609177192e-03
9.931460865229651408e-03
1.096559125530667707e-02
1.204869030281578539e-02
1.317554019259213789e-02
1.434052673811706154e-02
1.553716345167979566e-02
1.675770581977461399e-02
1.799290658935150111e-02
1.923194787463101962e-02
2.046256654800912567e-02
2.167136694316051937e-02
2.284429195642218718e-02
2.396720372829114210e-02
2.502651184245724067e-02
2.600978299074243466e-02
2.690627200460493293e-02
2.770732853933366782e-02
2.840665325216815140e-02
2.900039799515557321e-02
2.948712263286045604e-02
2.986763405787824788e-02
3.014473980901144837e-02
3.032294978527233162e-02
3.040815621477638633e-02
3.040731598992158641e-02
3.032815236192641650e-02
3.017888610020539805e-02
2.996800042499774691e-02
2.970403975628193097e-02
2.939543969334994580e-02
2.905038451040840158e-02
2.867668852658200249e-02
2.828169859140586620e-02
2.787221618981137322e-02
2.745443890343826632e-02
2.703392183233135557e-02
2.661555986897130854e-02
2.620359135998364536e-02
2.580162277092662784e-02
2.541267268197727400e-02
2.503923204485890286e-02
2.468333638542947669e-02
2.434664475764438188e-02
2.403051988195779864e-02
2.373610408607246605e-02
2.346438637828773474e-02
2.321625712765989710e-02
2.299254825808327157e-02
2.279405841461558738e-02
2.262156404946026600e-02
2.247581862993064047e-02
2.235754304702869746e-02
2.226741070369398987e-02
2.220603065312222110e-02
2.217393158062454933e-02
2.217154849050833806e-02
2.219921284246778592e-02
2.225714577852112505e-02
2.234545318265526020e-02
2.246412076914640343e-02
2.261300728092974568e-02
2.279183419533618166e-02
2.300017100651740101e-02
2.323741605492327111e-02
2.350277385329807567e-02
2.379523076943148088e-02
2.411353164851875314e-02
2.445616041125427478e-02
2.482132780704104230e-02
2.520696932925374154e-02
2.561075583137411085e-02
2.603011865569118677e-02
2.646229014721024342e-02
2.690435932968270744e-02
2.735334133275911170e-02
2.780625795553471127e-02
2.826022562181927655e-02
2.871254602684899376e-02
2.916079409774902792e-02
2.960289758522730366e-02
3.003720274080849337e-02
3.046252114088680504e-02
3.087815377361271749e-02
3.128388993199916757e-02
3.167998013667710361e-02
3.206708409605082966e-02
3.244619644441596590e-02
3.281855453750311818e-02
3.318553381665161756e-02
3.354853710136530137e-02
3.390888459649270964e-02
3.426771139700743318e-02
3.462587885514269159e-02
3.498390537122077204e-02
3.534192102153140697e-02
3.569964899589515156e-02
3.605641515077731563e-02
3.641118517702264523e-02
3.676262704218339478e-02
3.710919462295699661e-02
3.744922693104559691e-02
3.778105618968637114e-02
3.810311735056153698e-02
3.841405152488216318e-02
3.871279625844109562e-02
3.899865656994281476e-02
3.927135210161739054e-02
3.953103746585004408e-02
3.977829475418501182e-02
4.001409904894489417e-02
4.023975950666205254e-02
4.045684006436550684e-02
4.066706499071751774e-02
4.087221533426654840e-02
4.107402280382625726e-02
4.127406775397378380e-02
4.147368774324862450e-02
4.167390257911580270e-02
4.187536085506014111e-02
4.207831172335053938e-02
4.228260405920997861e-02
4.248771332558939906e-02
4.269279445812398932e-02
4.289675711775528533e-02
4.309835789304353876e-02
4.329630266526116045e-02
4.348935153513761726e-02
4.367641854712712990e-02
4.385665895137708797e-02
4.402953784745520377e-02
4.419487561947847698e-02
4.435286741826217211e-02
4.450407588099428852e-02
4.464939813254825002e-02
4.479000975871992585e-02
4.492728980763766033e-02
4.506273193665234073e-02
4.519784758500913074e-02
4.533406753268683781e-02
4.547264840478784653e-02
4.561459057364732755e-02
4.576057344578155633e-02
4.591091323572128041e-02
4.606554697982209040e-02
4.622404473842407074e-02
4.638564976181925453e-02
4.654934403107587743e-02
4.671393427963940054e-02
4.687815164107426297e-02
4.704075671708323608e-02
4.720064130643743944e-02
4.735691835211434247e-02
4.750899279320987267e-02
4.765660777996148095e-02
4.779986288193956157e-02
4.793920322912179066e-02
4.807538074217343471e-02
4.820939056787540422e-02
4.834238745521828029e-02
4.847558807438383938e-02
4.861016622295902256e-02
4.874714850866985333e-02
4.888731843514389219e-02
4.903113677518012442e-02
4.917868556781489209e-02
4.932964187545930274e-02
4.948328548385986375e-02
4.963854203193069498e-02
4.979405979436547086e-02
