1.181302717418477588e+00
1.180770847037715399e+00
1.179844280034846093e+00
1.178463654061635335e+00
1.176547637811862890e+00
1.173995037908772021e+00
1.170687923246681583e+00
1.166495981677895699e+00
1.161282270931493832e+00
1.154910421705138246e+00
1.147253196306619483e+00
1.138202107800873719e+00
1.127677577435056921e+00
1.115638876505699928e+00
1.102092895062122713e+00
1.087100639569448246e+00
1.070780316151732192e+00
1.053305922671560646e+00
1.034900447212899088e+00
1.015823024374229444e+00
9.963496911243621135e-01
9.767476755640818187e-01
9.572434544273621393e-01
9.379852315931126450e-01
9.190012658044695026e-01
9.001570203549592586e-01
8.811169196183268326e-01
8.613208708604576103e-01
8.399910617790744549e-01
8.161883770197899679e-01
7.889349341098815804e-01
7.574032534217980395e-01
7.211412410222102221e-01
6.802659938197889167e-01
6.355438126643642160e-01
5.883030970782455737e-01
5.401964385218158693e-01
4.928965861462890619e-01
4.478317501114502663e-01
4.060303892091161049e-01
3.680867231509633020e-01
3.342143449358931928e-01
3.043417513173208300e-01
2.782124788695882756e-01
2.554689621398869570e-01
2.357131431056271043e-01
2.185450399589668469e-01
2.035837467799166967e-01
1.904756149785798436e-01
1.788932306598575994e-01
1.685270877184807115e-01
1.590697428586730910e-01
1.501893107524853999e-01
1.414842400100702058e-01
1.324019574502185159e-01
1.220861786430944979e-01
1.090922567142544181e-01
9.094263337485664067e-02
6.409908785583465218e-02
2.828333359830608601e-02
1.655105294147612765e-03
1.074599711702664030e-02
3.958131101176579070e-02
6.371560109315627107e-02
7.910144222126193336e-02
8.843232244793931829e-02
9.417479927598335077e-02
9.782747218093938713e-02
1.002461927147041132e-01
1.019269265160173826e-01
1.031682134671805112e-01
1.041584778699624486e-01
1.050231337454616415e-01
1.058503692841160915e-01
1.067048695407237929e-01
1.076332392001740496e-01
1.086607124043097033e-01
1.097729965164314231e-01
1.108644997831835372e-01
1.116011400394273656e-01
1.110568936066095719e-01
1.067807453786479011e-01
9.294203411231377610e-02
6.109569460002809566e-02
1.938479732250627738e-02
4.404936070109833875e-04
6.060344329572294429e-03
1.835505278935301368e-02
2.957509675761230139e-02
3.852742270794479174e-02
4.563791317296482519e-02
5.150491857642481436e-02
5.663011012336242184e-02
6.141433536897281803e-02
6.619673878039758486e-02
7.129119670916564400e-02
7.700875832343720417e-02
8.364832890891876760e-02
9.139686136651241355e-02
9.996572658647040477e-02
1.075659553800212415e-01
1.089887666784031400e-01
9.589738050098199629e-02
6.737176557282407996e-02
3.755359115893367600e-02
1.788750176480222165e-02
8.002960396936251164e-03
3.877239523631779202e-03
2.587410540570997310e-03
2.586060495690432979e-03
3.127176861112660085e-03
3.860875929859461722e-03
4.624468504378835207e-03
5.341817509604818853e-03
5.974326420336885379e-03
6.495506194118274255e-03
6.876226909905566731e-03
7.075649369494611818e-03
7.038296819376153174e-03
6.702846427264446197e-03
6.030265309257132854e-03
5.048075055335750697e-03
3.879335763736030829e-03
2.712491236609048794e-03
1.718399381848508770e-03
9.841342546981859431e-04
5.103283015216928103e-04
2.493010727118067944e-04
1.423412871047981178e-04
1.393394446303431117e-04
2.041963477391035115e-04
3.135139478955083062e-04
4.533877283856194260e-04
6.162990152491586550e-04
7.985938079157828880e-04
9.984494445507232675e-04
1.214093068658258622e-03
1.442108856835445799e-03
1.675887233918563158e-03
1.904599367816276661e-03
2.113384234876709931e-03
2.285376793338462619e-03
2.405450777142030799e-03
2.464324437079667540e-03
2.461014289305201840e-03
2.402420423036973670e-03
2.300565831329688324e-03
2.169166382079674039e-03
2.021020594130273299e-03
1.866774530371208621e-03
1.714843344605844261e-03
1.571995417952982629e-03
1.444170550807334684e-03
1.337263550565812118e-03
1.257723415615801194e-03
1.212868116189295140e-03
1.210819437164307490e-03
1.259963103089982092e-03
1.367883291423156516e-03
1.539846149034157508e-03
1.777114308698441803e-03
2.075588998246031582e-03
2.425349863415120905e-03
2.811460465315445464e-03
3.215950408731223318e-03
3.620402828017029503e-03
4.008360052734505005e-03
4.366925580021168915e-03
4.687341633221306370e-03
4.964701833132445161e-03
5.197152090889182487e-03
5.384933645562059272e-03
5.529517396826309078e-03
5.632957441789204246e-03
5.697501300610025368e-03
5.725442720551060516e-03
5.719178289952929831e-03
5.681415859521381576e-03
5.615470461777251863e-03
5.525569823686764769e-03
5.417082709745188115e-03
5.296590100898251885e-03
5.171750267485890340e-03
5.050962171975786896e-03
4.942891016109032983e-03
4.855960595894151174e-03
4.797920787763118415e-03
4.775564117045241926e-03
4.794610071556308119e-03
4.859723317172578820e-03
4.974599267093650704e-03
5.142041975882184063e-03
5.363969755645467755e-03
5.641304867083500249e-03
5.973728862008682514e-03
6.359312059537128477e-03
6.794053966817537905e-03
7.271400694210570018e-03
7.781832424436290613e-03
8.312631937666766294e-03
8.847944642399222306e-03
9.369213158992230339e-03
9.856013305829207719e-03
1.028724224911137589e-02
1.064253339798370245e-02
1.090372078598213744e-02
1.105616660448598826e-02
1.108980241327771690e-02
1.099980323615497996e-02
1.078688955814895503e-02
1.045731114879796218e-02
1.002259456182466590e-02
9.499132038521346244e-03
8.907662437288127802e-03
8.272658357986628630e-03
7.621601094644632826e-03
6.984106557186936688e-03
6.390866886334521657e-03
5.872395871086286308e-03
5.457608564438518571e-03
5.172318739116270325e-03
5.037789319002835414e-03
5.069505148614422176e-03
5.276340194409618635e-03
5.660254894035697017e-03
6.216587216994213377e-03
6.934908118304673394e-03
7.800321139803606876e-03
8.795019599424481679e-03
9.899887876386683286e-03
1.109594821026105814e-02
1.236550208588383694e-02
1.369287991444248856e-02
1.506477814688896716e-02
1.647021729312918292e-02
1.790019191340555191e-02
1.934710432800970312e-02
2.080408068915573852e-02
2.226426524496568152e-02
2.372017942285582770e-02
2.516321863791837893e-02
2.658334208972637849e-02
2.796898933353866856e-02
2.930723260741084635e-02
3.058414741225617614e-02
3.178535864097468272e-02
3.289669942266980340e-02
3.390490836990695672e-02
3.479829028514425104e-02
3.556727556617585856e-02
3.620483217287989025e-02
3.670670701677270636e-02
3.707149643304476216e-02
3.730056411070065137e-02
3.739783713645793845e-02
3.736951607087685839e-02
3.722373412637927648e-02
3.697019536029479830e-02
3.661981440278824773e-02
3.618437245928540075e-02
3.567619751604296507e-02
3.510787162155251662e-02
3.449196508335168609e-02
3.384079627294860060e-02
3.316621605738866163e-02
3.247941710457447062e-02
3.179076982456200545e-02
3.110968794868780238e-02
3.044452729153369550e-02
2.980252086916834395e-02
2.918975226819762667e-02
2.861116718328137257e-02
2.807062071207676660e-02
2.757095571025704531e-02
2.711410562030316593e-02
2.670121394834929635e-02
2.633276209476107313e-02
2.600869754270239420e-02
2.572855537482876542e-02
2.549156756179337541e-02
2.529675626005168168e-02
2.514300927697268873e-02
2.502913772076412191e-02
2.495391747629279941e-02
2.491611738151449165e-02
2.491451770258925474e-02
2.494792264963533249e-02
2.501517023932779346e-02
2.511514187574402993e-02
2.524677274673095551e-02
2.540906273979197036e-02
2.560108631481833319e-02
2.582199885790472868e-02
2.607103664598338713e-02
2.634750774810437970e-02
2.665077194419650936e-02
2.698020893218008170e-02
2.733517553272383008e-02
2.771495407677151621e-02
2.811869547620550122e-02
2.854536147557694761e-02
2.899367116103176642e-02
2.946205691646195182e-02
2.994863467010587879e-02
3.045119250676810163e-02
3.096720059450388390e-02
3.149384396768756256e-02
3.202807810907661729e-02
3.256670558023969791e-02
3.310647027240302270e-02
3.364416430949027093e-02
3.417674135992462836e-02
3.470142922888710263e-02
3.521583421575560924e-02
3.571802990493062185e-02
3.620662383386206301e-02
3.668079681096117484e-02
3.714031143881717234e-02
3.758548848561765743e-02
3.801715196079193115e-02
3.843654590484081590e-02
3.884522783068855567e-02
3.924494532172773803e-02
3.963750340943998640e-02
4.002463097180450347e-02
4.040785449729662054e-02
4.078838715689647731e-02
4.116704024338146278e-02
4.154416271176868819e-02
4.191961284136545840e-02
4.229276401460062285e-02
4.266254437529141963e-02
4.302750782547719310e-02
4.338593160947972621e-02
4.373593379612155524e-02
4.407560248053756652e-02
4.440312763302999705e-02
4.471692631953396585e-02
4.501575253330706433e-02
4.529878406181998135e-02
4.556568054875499707e-02
4.581660902960399406e-02
4.605223552662953551e-02
4.627368359421091260e-02
4.648246284552794150e-02
4.668037234534420238e-02
4.686938524624991581e-02
4.705152214001463717e-02
4.722872127733617614e-02
4.740271406967232204e-02
4.757491411066599313e-02
4.774632731666993146e-02
4.791748965936871302e-02
4.808843733923479774e-02
4.825871215861276403e-02
4.842740239221634407e-02
4.859321678798217414e-02
4.875458669469807937e-02
4.890978897476538217e-02
4.905708058650594394e-02
4.919483472380185851e-02
4.932166830036839589e-02
4.943655136269897027e-02
4.953889059342412443e-02
4.962858121751807100e-02
4.970602409071989830e-02
4.977210727665475065e-02
4.982815379449956339e-02
4.987583930214462002e-02
4.991708520719715519e-02
4.995393406760376825e-02
4.998841518298070136e-02
5.002240900686398539e-02
5.005751940932619271e-02
5.009496281355821368e-02
5.013548269708142935e-02
5.017929675422812263e-02
5.022608206967790062e-02
5.027500096313869404e-02
5.032476688826947875e-02
5.037374621538930064e-02
5.042008832626805603e-02
5.046187366873122748e-02
5.049726766493584790e-02
5.052466788895301070e-02
5.054283276080167447e-02
5.055098196107819797e-02
5.054886150256077126e-02
5.053676947559008342e-02
5.051554151038000623e-02
5.048649767710822883e-02
5.045135473451736741e-02
5.041210935623867406e-02
5.037089934059960084e-02
5.032985101295735231e-02
5.029092217827429989e-02
5.025575106659461305e-02
5.022552255270695126e-02
5.020086317934312897e-02
5.018177574514412487e-02
5.016762206722519268e-02
5.015715885057869805e-02
5.014862660513503406e-02
