1.072887866739135054e+00
1.071228814142821673e+00
1.068411897321088322e+00
1.064361327100495247e+00
1.058975007161332638e+00
1.052128750152735881e+00
1.043681933770853609e+00
1.033484670035584863e+00
1.021386470849553030e+00
1.007246252183657154e+00
9.909433332801822480e-01
9.723888709477611636e-01
9.515369481340744118e-01
9.283943466590837135e-01
9.030279189686739594e-01
8.755684746341801938e-01
8.462102440157424077e-01
8.152052813757602046e-01
7.828526003720666093e-01
7.494823450613601334e-01
7.154358210098155091e-01
6.810426803748685920e-01
6.465969404649025698e-01
6.123338415493483344e-01
5.784099037774914631e-01
5.448890480056509666e-01
5.117383731250779721e-01
4.788379805471385531e-01
4.460094757364828078e-01
4.130661608505533655e-01
3.798827676957725608e-01
3.464730875908898500e-01
3.130525509343630164e-01
2.800570262953044898e-01
2.480978168483564394e-01
2.178577028180406772e-01
1.899614555064322585e-01
1.648667829174149391e-01
1.428089657994818795e-01
1.238049106358913715e-01
1.076991265517347057e-01
9.422618058172245459e-02
8.306932745998349410e-02
7.390500536233636508e-02
6.643129170478610790e-02
6.038302707011763970e-02
5.553775954493973821e-02
5.171636071772205828e-02
4.878126434770903297e-02
4.663441302949553752e-02
4.521642432293643959e-02
4.450827181531319399e-02
4.453690221507243530e-02
4.538653308943710329e-02
4.721712931870800101e-02
5.028701656190232711e-02
5.495079302531716281e-02
6.148387158201808200e-02
6.912032726475858535e-02
7.283462524047122633e-02
6.144082576396701911e-02
3.621627040668765063e-02
1.624751636307880664e-02
6.701239240072872499e-03
3.100160239187881549e-03
2.064972280197151493e-03
2.062451027069651509e-03
2.460939795336564932e-03
3.002801603959457787e-03
3.584385614595342762e-03
4.167459227914326395e-03
4.742905712187628700e-03
5.315621949469512102e-03
5.898498684205178907e-03
6.510697794609753182e-03
7.178427445987150234e-03
7.937790510960765142e-03
8.840064293518364036e-03
9.960163198180832164e-03
1.140792546268035688e-02
1.333264568735653341e-02
1.586261824162975981e-02
1.872228319084410716e-02
1.998726713678656078e-02
1.614889267386757435e-02
9.142193097981509906e-03
4.276219110524021733e-03
2.037176524245720537e-03
1.183940549260548147e-03
9.418240357404477790e-04
9.680441488531007881e-04
1.123353015185923811e-03
1.358466851371267553e-03
1.669066402862875087e-03
2.081725381412134063e-03
2.656217770156737643e-03
3.501784209821581523e-03
4.812351657966002297e-03
6.930661462712440699e-03
1.044104063678403561e-02
1.619296093230475006e-02
2.476505026300558979e-02
3.449401402306474101e-02
4.035555946312958248e-02
3.958143500832877332e-02
3.509316909477919189e-02
3.024074331580214534e-02
2.629356051676153341e-02
2.337426972753917087e-02
2.129734344528288331e-02
1.986121629559456370e-02
1.891120447423117953e-02
1.833893626475148128e-02
1.806942227661627320e-02
1.804766895190821480e-02
1.822575800816751343e-02
1.854859932346082305e-02
1.893667623430103641e-02
1.926717277637377337e-02
1.936331403547120189e-02
1.901479347953057356e-02
1.805300003089004013e-02
1.646081924548286821e-02
1.442472130679697470e-02
1.225401098700845855e-02
1.022977435078205495e-02
8.511696835481284001e-03
7.140392268993968339e-03
6.085154593892187769e-03
5.288129525677273332e-03
4.689599497851392081e-03
4.238138251668925084e-03
3.892667230240300178e-03
3.621224086916011425e-03
3.398871288864696843e-03
3.205777433089211561e-03
3.025877656636955480e-03
2.846292674330876994e-03
2.657584251442317216e-03
2.454751625332419768e-03
2.238519972339036990e-03
2.016039307695081072e-03
1.800008311334703537e-03
1.605903081196129569e-03
1.448223511161008704e-03
1.337449240381850812e-03
1.278931216527620131e-03
1.273696817762959722e-03
1.320242919037956531e-03
1.416331377625648907e-03
1.560240341405698698e-03
1.751355586678614773e-03
1.990195538421460353e-03
2.277990530594282189e-03
2.615888865964868630e-03
3.003821321793535230e-03
3.439068656259705852e-03
3.914666644206210751e-03
4.417946936240586646e-03
4.929697617361988166e-03
5.424515746206973361e-03
5.872761612905973150e-03
6.244038294861812416e-03
6.511460282369418810e-03
6.655514191144248394e-03
6.666400344231005089e-03
6.544379403063666986e-03
6.298449862751234404e-03
5.944194477183243307e-03
5.501670346562250423e-03
4.993910724635062734e-03
4.446208576482994258e-03
3.886039342386374447e-03
3.343301893132195717e-03
2.850483507833073780e-03
2.442347353289523165e-03
2.154786346538187149e-03
2.022603247378908144e-03
2.076192902776515577e-03
2.337425430251076700e-03
2.815404631390662927e-03
3.503072861586325158e-03
4.375680437952391214e-03
5.391818898363059769e-03
6.497078933825799554e-03
7.629666743317187541e-03
8.726804611226005037e-03
9.730657044581066464e-03
1.059284899415873990e-02
1.127717981200109833e-02
1.176064313575000790e-02
1.203317965840597706e-02
1.209668279101389771e-02
1.196370209083370828e-02
1.165613071958214453e-02
1.120399233140252117e-02
1.064430329042383855e-02
1.001989870198649601e-02
9.378082922953745806e-03
8.768997190300520730e-03
8.243681352775490342e-03
7.851924472338145736e-03
7.640117776637889505e-03
7.649402179884978899e-03
7.914405790061038518e-03
8.462781302299222930e-03
9.315598129519776435e-03
1.048846582722674260e-02
1.199311769656222909e-02
1.383910495622603723e-02
1.603525257921289970e-02
1.859059156346027156e-02
2.151458008287455634e-02
2.481653111086671096e-02
2.850426167710800110e-02
3.258206607687088446e-02
3.704819614381337639e-02
4.189210952989833037e-02
4.709181826593507314e-02
5.261172134764553754e-02
5.840131547694345227e-02
6.439512529095781090e-02
7.051406605716588338e-02
7.666825560764579939e-02
8.276106073906323857e-02
8.869394835990658532e-02
9.437156905112836780e-02
9.970646971965708982e-02
1.046229201509302070e-01
1.090595184024806957e-01
1.129704615465738082e-01
1.163255762595649251e-01
1.191093564685072603e-01
1.213193336877671086e-01
1.229641128765721764e-01
1.240613603293607009e-01
1.246359533068792519e-01
1.247184148936220371e-01
1.243436773386516481e-01
1.235501521569649513e-01
1.223790399318036570e-01
1.208737882922261836e-01
1.190796021976380237e-01
1.170429241454151170e-01
1.148108292907427663e-01
1.124303160551180653e-01
1.099475095888481774e-01
1.074068261820346759e-01
1.048501654403721506e-01
1.023162005994284612e-01
9.983982615072238553e-02
9.745179968850996299e-02
9.517858731598541344e-02
9.304239522099230775e-02
9.106134916597710682e-02
8.924977162219843718e-02
8.761850388940206624e-02
8.617522672935018502e-02
8.492474557862000895e-02
8.386922252691708657e-02
8.300835411941695496e-02
8.233950906338345643e-02
8.185785090939534658e-02
8.155647614551345126e-02
8.142659707997969287e-02
8.145779155306309693e-02
8.163832913196474028e-02
8.195556819286520245e-02
8.239640300088729719e-02
8.294772746690488863e-02
8.359687505481656900e-02
8.433199363746536614e-02
8.514231993994068881e-02
8.601832931961467255e-02
8.695175091631844599e-02
8.793545325435314641e-02
8.896321899138276423e-02
9.002943806759558520e-02
9.112875512486108553e-02
9.225570954277731439e-02
9.340440509954991977e-02
9.456824174372338576e-02
9.573973501983686074e-02
9.691044010203010706e-02
9.807098789547638584e-02
9.921123097448171502e-02
1.003204879308723652e-01
1.013878666871499551e-01
1.024026411235889056e-01
1.033546515070118826e-01
1.042346980285101393e-01
1.050348983240986106e-01
1.057489839204124593e-01
1.063725165759907970e-01
1.069030127194937341e-01
1.073399717689574040e-01
1.076848112479438513e-01
1.079407176606727303e-01
1.081124266570090559e-01
1.082059489757701137e-01
1.082282600872639944e-01
1.081869715957490680e-01
1.080900016040310940e-01
1.079452596691618527e-01
1.077603599159256825e-01
1.075423734761421501e-01
1.072976287782914373e-01
1.070315653834804370e-01
1.067486441128537578e-01
1.064523132308576037e-01
1.061450275729042964e-01
1.058283149048169641e-01
1.055028816565147104e-01
1.051687486435653740e-01
1.048254065818869929e-01
1.044719811375799667e-01
1.041073978723569410e-01
1.037305386052996964e-01
1.033403822242213027e-01
1.029361246424200377e-01
1.025172742306772328e-01
1.020837205338805120e-01
1.016357753468653952e-01
1.011741862792431834e-01
1.007001238359708922e-01
1.002151438529464145e-01
9.972112792212417531e-02
9.922020525465460872e-02
9.871466025313636872e-02
9.820683083605212527e-02
9.769900318121946259e-02
9.719330891625577173e-02
9.669163077935642725e-02
9.619552233849748557e-02
9.570614648578498751e-02
9.522423617649905525e-02
9.475007937796495194e-02
9.428352858660812852e-02
9.382403372362016492e-02
9.337069586783676434e-02
9.292233821913827019e-02
9.247758994083030148e-02
9.203497808714031225e-02
9.159302262971755204e-02
9.115032959131325052e-02
9.070567742480738216e-02
9.025809202027824940e-02
8.980690609728789187e-02
8.935179929009917643e-02
8.889281602067261590e-02
8.843035932856670167e-02
8.796516020273351111e-02
8.749822359422308737e-02
8.703075406909255296e-02
8.656406581275692680e-02
8.609948320694808810e-02
8.563823925434775608e-02
8.518137955403913553e-02
8.472967924760536895e-02
8.428357938141846362e-02
8.384314758961863845e-02
8.340806609407622196e-02
8.297764797223346200e-02
8.255088067155021136e-02
8.212649400222360452e-02
8.170304839284281417e-02
8.127903805048236618e-02
8.085300278677690078e-02
8.042364160664874917e-02
7.998992068818444601e-02
7.955116814737119013e-02
7.910714807883727218e-02
7.865810693786588759e-02
7.820478653248134904e-02
7.774839983365300355e-02
7.729056848861398654e-02
7.683322418884280802e-02
7.637847958687311867e-02
7.592847782664613465e-02
7.548523244504437568e-02
7.505047096586524302e-02
7.462549565731600720e-02
7.421107362168181953e-02
7.380736585212038792e-02
7.341390154740101703e-02
7.302960032596737816e-02
7.265284148343412185e-02
7.228157639784271726e-02
7.191347771077923057e-02
7.154611692789367150e-02
7.117716041426667972e-02
7.080457223237103526e-02
7.042681080729415455e-02
7.004300510355862541e-02
6.965309516125842149e-02
6.925792193897728488e-02
6.885925299344961004e-02
6.845973405182438631e-02
6.806276217951147400e-02
6.767228373237166306e-02
6.729252877841516989e-02
6.692770188389250696e-02
6.658165558131073913e-02
