1.030369003573771591e+00
1.028518382162204592e+00
1.025380340481662822e+00
1.020876614047845132e+00
1.014902205044268202e+00
1.007330125319716663e+00
9.980176772389631745e-01
9.868143065715551110e-01
9.735709633606707269e-01
9.581507588026311195e-01
9.404405150847584549e-01
9.203625874789763683e-01
8.978861218066153116e-01
8.730367341636376954e-01
8.459035079873100660e-01
8.166422381963914789e-01
7.854740416073759945e-01
7.526788005531274139e-01
7.185833841604379879e-01
6.835451403821571903e-01
6.479316952452842671e-01
6.120985619720787918e-01
5.763664103735892663e-01
5.410000862865875781e-01
5.061916666389926212e-01
4.720500789230235306e-01
4.386001437419955740e-01
4.057941637509007715e-01
3.735388599146923228e-01
3.417385673425722969e-01
3.103510283845059003e-01
2.794447053490095589e-01
2.492388144020744323e-01
2.201051477929536759e-01
1.925203012039026496e-01
1.669775421457306286e-01
1.438880322445147408e-01
1.235067422669785947e-01
1.059047202360020729e-01
9.098685164452344210e-02
7.853784342492269033e-02
6.827564835385746544e-02
5.989754203572306146e-02
5.311259027541710698e-02
4.766061476262517527e-02
4.332083008251925993e-02
3.991395090495231807e-02
3.730101448955645133e-02
3.538133583765173257e-02
3.409138055309515053e-02
3.340610844826819720e-02
3.334464309570815688e-02
3.398318568562166964e-02
3.548037898031874970e-02
3.812455090588428436e-02
4.241822737047980935e-02
4.921300278212945023e-02
5.982429594048006838e-02
7.549997358590126995e-02
9.350717912270084531e-02
9.870116534535755548e-02
7.892388903933471311e-02
5.268307585199464432e-02
3.473178705221351137e-02
2.449134987292056823e-02
1.873851976378479098e-02
1.540511373574354921e-02
1.340354100761252665e-02
1.217116757807861285e-02
1.140899998753464213e-02
1.095307512454658794e-02
1.071188609125001308e-02
1.063534879346107048e-02
1.069926460562629737e-02
1.089793865395660526e-02
1.124169179954116228e-02
1.175807685695312577e-02
1.249684712936541611e-02
1.353943597863864826e-02
1.501266285506783552e-02
1.709585755050761768e-02
1.995317108071009010e-02
2.328272408081329126e-02
2.481040472264669713e-02
2.025195523144408816e-02
1.174061774955935215e-02
5.663670073567592979e-03
2.710162265165187018e-03
1.424168863375153233e-03
8.713625522374175616e-04
6.262788454854501755e-04
5.044154872671286925e-04
4.249981338591740155e-04
3.536664057564929513e-04
2.801600225580656595e-04
2.122193894239132099e-04
1.802683992554235924e-04
2.552192492671051635e-04
5.893598024698204312e-04
1.497091057126251519e-03
3.567619507873751906e-03
7.596943014665626451e-03
1.361176158766344742e-02
1.929112805602926223e-02
2.191222489531084727e-02
2.175356644369794840e-02
2.046591982795109912e-02
1.906089428369488886e-02
1.789111908715402752e-02
1.702641974232887989e-02
1.645124964578290050e-02
1.613532802674411126e-02
1.605439114305941620e-02
1.619419083361735290e-02
1.654873657121013267e-02
1.711531215370219738e-02
1.788537945222897288e-02
1.882898993682635691e-02
1.987119291511980218e-02
2.086567426956102006e-02
2.158712922636329273e-02
2.177940385325572228e-02
2.127173297395870341e-02
2.009093963059827709e-02
1.845645568721363677e-02
1.665536747745434767e-02
1.491594109143729897e-02
1.336168605920477759e-02
1.202993544530105326e-02
1.090827071957624697e-02
9.962982630453165803e-03
9.155100160931012657e-03
8.447576278799334357e-03
7.807768041374168501e-03
7.207973246215095518e-03
6.625580215308912030e-03
6.043662009711126860e-03
5.452391149572475074e-03
4.851182959512703556e-03
4.250802779192230409e-03
3.673897904178906413e-03
3.152156111908904160e-03
2.719429663427544875e-03
2.402708133954927806e-03
2.214944928111286116e-03
2.153126701248762181e-03
2.201787026468883697e-03
2.339251436078163254e-03
2.543435948843455335e-03
2.795473282390957548e-03
3.081059221168971300e-03
3.390220219695086121e-03
3.716271487401224573e-03
4.054489613386085510e-03
4.400771322727730327e-03
4.750403072982565568e-03
5.097029224886676438e-03
5.431945314175474354e-03
5.743907577703953604e-03
6.019673605374567874e-03
6.245397155675541656e-03
6.408753680825852832e-03
6.501334842740821678e-03
6.520605716264279289e-03
6.470773516624022184e-03
6.362312868865364381e-03
6.210422622047226393e-03
6.033043412655022218e-03
5.849077954596510615e-03
5.677201518317100820e-03
5.535326262997340187e-03
5.440545129089842738e-03
5.409273476782420001e-03
5.457297884417298788e-03
5.599484599640273258e-03
5.848969259329353867e-03
6.215745211830102888e-03
6.704703701643799710e-03
7.313360738335225944e-03
8.029707896641438691e-03
8.830780548260207946e-03
9.682551527958490473e-03
1.054155555887641843e-02
1.135824050534396841e-02
1.208155575603705317e-02
1.266392937346881402e-02
1.306571700195780297e-02
1.325844683040981048e-02
1.322660493652894585e-02
1.296811109012415558e-02
1.249388255333776232e-02
1.182693203668792360e-02
1.100134107274447319e-02
1.006127099496331376e-02
9.059990959284249662e-03
8.058761367522974950e-03
7.125335712391574552e-03
6.331846778335798072e-03
5.751930109592199615e-03
5.457104144045851583e-03
5.512648225904306747e-03
5.973445984875236890e-03
6.880419533005954075e-03
8.258196997273521342e-03
1.011449363334630813e-02
1.244136894257827017e-02
1.521813639935215567e-02
1.841536746567636745e-02
2.199924647909263717e-02
2.593553610184202302e-02
3.019257425566090544e-02
3.474296932348597960e-02
3.956391229727673070e-02
4.463622848626792178e-02
4.994242782520343787e-02
5.546408927141580070e-02
6.117895066000914039e-02
6.705808778475078058e-02
7.306356178136612367e-02
7.914688639214664811e-02
8.524860321946478581e-02
9.129914181727620537e-02
9.722098190556378861e-02
1.029319448870853193e-01
1.083492571296134771e-01
1.133938930913409998e-01
1.179946604918442471e-01
1.220915481397153585e-01
1.256380054388994139e-01
1.286020212835597976e-01
1.309660685345153674e-01
1.327261347618614584e-01
1.338901456731677320e-01
1.344761019968066240e-01
1.345102080076998330e-01
1.340251929720661650e-01
1.330589380182854997e-01
1.316534376194279099e-01
1.298540576969283156e-01
1.277090063931856923e-01
1.252689101098323210e-01
1.225863855392418933e-01
1.197155156927374037e-01
1.167111703912521864e-01
1.136281536078265764e-01
1.105202040703731070e-01
1.074389135278722290e-01
1.044326517868148368e-01
1.015455944482722000e-01
9.881693760971567431e-02
9.628035718524338704e-02
9.396373556053673470e-02
9.188914279135856900e-02
9.007303032917843288e-02
8.852657680064524026e-02
8.725611926736476232e-02
8.626360866786730863e-02
8.554704207950881989e-02
8.510084351368778222e-02
8.491618558175080544e-02
8.498126332228225777e-02
8.528154612847040072e-02
8.580004211655242741e-02
8.651761030482248149e-02
8.741334947048567949e-02
8.846507947802058347e-02
8.964991332112547118e-02
9.094489910189711146e-02
9.232769412729714686e-02
9.377722142487171508e-02
9.527425450875444402e-02
9.680187995705445692e-02
9.834579850281362223e-02
9.989444178542949970e-02
1.014389008019447452e-01
1.029726805117125443e-01
1.044913105698118405e-01
1.059918532402978758e-01
1.074723555497981015e-01
1.089312938518868373e-01
1.103670558720595413e-01
1.117774989267285857e-01
1.131596143254348097e-01
1.145093178576094134e-01
1.158213755058627448e-01
1.170894628052168429e-01
1.183063462305665031e-01
1.194641662760951850e-01
1.205547950914882954e-01
1.215702371700915913e-01
1.225030399760733552e-01
1.233466826241848696e-01
1.240959145531536356e-01
1.247470220324107815e-01
1.252980075599738896e-01
1.257486748952916233e-01
1.261006198133500789e-01
1.263571330170815132e-01
1.265230265957505984e-01
1.266043988169385792e-01
1.266083539591563445e-01
1.265426945483013599e-01
1.264156030328688896e-01
1.262353288854800304e-01
1.260098955557847622e-01
1.257468397488230583e-01
1.254529932262741787e-01
1.251343147573040215e-01
1.247957770199603217e-01
1.244413102519161540e-01
1.240738014048076016e-01
1.236951446538930438e-01
1.233063365648439935e-01
1.229076072217598625e-01
1.224985773242461551e-01
1.220784307343382447e-01
1.216460921684739682e-01
1.212004005692728786e-01
1.207402699775298877e-01
1.202648312529527863e-01
1.197735495749422813e-01
1.192663141532262633e-01
1.187434979208214780e-01
1.182059861651123395e-01
1.176551741258497347e-01
1.170929346261701809e-01
1.165215578730351143e-01
1.159436667012192640e-01
1.153621117213455005e-01
1.147798519904589115e-01
1.141998278283619106e-01
1.136248331057474886e-01
1.130573945912686784e-01
1.124996656668801054e-01
1.119533408760809007e-01
1.114195964112873194e-01
1.108990599028623764e-01
1.103918109236887296e-01
1.098974116672707113e-01
1.094149654721015691e-01
1.089431993785656694e-01
1.084805657796440864e-01
1.080253574618346146e-01
1.075758298798264040e-01
1.071303242990493260e-01
1.066873854141637823e-01
1.062458671801321530e-01
1.058050208904016687e-01
1.053645600594588921e-01
1.049246974948125771e-01
1.044861511536958887e-01
1.040501170142206638e-01
1.036182092249838815e-01
1.031923701208203870e-01
1.027747551075742088e-01
1.023675996608628125e-01
1.019730774641346843e-01
1.015931597721414642e-01
1.012294862564650927e-01
1.008832568253740514e-01
1.005551523052359564e-01
1.002452896371505142e-01
9.995321466311143932e-02
9.967793294255578029e-02
9.941797659546776356e-02
9.917150306753282074e-02
9.893642001241691186e-02
9.871052916027392432e-02
9.849168101985032731e-02
9.827793147645662308e-02
9.806769077853393080e-02
9.785985510584996327e-02
9.765391101759154924e-02
9.745000378230235516e-02
9.724896209501132649e-02
9.705227412903619233e-02
9.686201325292806419e-02
9.668071587464553696e-02
9.651121835426562656e-02
9.635646418572139937e-02
9.621929605540927022e-02
9.610224938421159380e-02
9.600736420539136839e-02
9.593603068380418541e-02
9.588888051788091449e-02
9.586573240325602097e-02
9.586559530080697444e-02
9.588672901956935002e-02
9.592675799971278616e-02
9.598283132620077929e-02
9.605181985311611603e-02
9.613053964348730607e-02
9.621598945420019311e-02
9.630558851866342918e-02
9.639739938718311363e-02
9.649031931461310441e-02
9.658422313114110869e-02
9.668004135737669202e-02
9.677976018231695954e-02
9.688633521307972452e-02
9.700351853167919758e-02
9.713560781280893008e-02
9.728713571135629012e-02
