1.206626294205586980e+00
1.206729963560899010e+00
1.206872229666000607e+00
1.207007597186692927e+00
1.207073103715629259e+00
1.206989434114255078e+00
1.206662848003238420e+00
1.205988202229315576e+00
1.204853319237580545e+00
1.203144872502533547e+00
1.200755829290410359e+00
1.197594311406568801e+00
1.193593515158596130e+00
1.188722089557449513e+00
1.182994131721421205e+00
1.176477750323734472e+00
1.169300999859509194e+00
1.161653917898001653e+00
1.153785402066081600e+00
1.145993717019980540e+00
1.138609479695771087e+00
1.131969992989817930e+00
1.126383790059091394e+00
1.122084335874435013e+00
1.119172340070711869e+00
1.117547697612172319e+00
1.116835639350678644e+00
1.116318251395248318e+00
1.114892329010536587e+00
1.111085290477798582e+00
1.103165753708623686e+00
1.089372964850346293e+00
1.068249851789499605e+00
1.039003920281968973e+00
1.001770882811567231e+00
9.576633289791570691e-01
9.085676325089676597e-01
8.567639196384314593e-01
8.045122893589460311e-01
7.537347447370089659e-01
7.058520930391208870e-01
6.617633579912617359e-01
6.219172723122992075e-01
5.864224788904937036e-01
5.551586679684352710e-01
5.278693206965520135e-01
5.042302694511189287e-01
4.838956286167013787e-01
4.665253306914655673e-01
4.517984051341567553e-01
4.394144662136336699e-01
4.290828609173079622e-01
4.204935032304434883e-01
4.132520842660002969e-01
4.067356631365121600e-01
3.997577738803622660e-01
3.897649813597223734e-01
3.709375281509387778e-01
3.305685625997606958e-01
2.494605338784763038e-01
1.380001992753552009e-01
7.630256039399176127e-02
8.952024686641753271e-02
1.273902775994841530e-01
1.619562267150091162e-01
1.884366248738757743e-01
2.082078687496984604e-01
2.232165486344035998e-01
2.349562882187667678e-01
2.444584900135863825e-01
2.524257828391637259e-01
2.593442147447438395e-01
2.655584459424384369e-01
2.713183136222997449e-01
2.768045522257274182e-01
2.821363762550690435e-01
2.873561930863403058e-01
2.923728417902682897e-01
2.968123058293167249e-01
2.996411256152313185e-01
2.982120212641656831e-01
2.859386587505163280e-01
2.481322823689769974e-01
1.661744401371582913e-01
6.745350061632812699e-02
3.366496313728143536e-02
6.024610127141425547e-02
9.976532145261479689e-02
1.342496403525830495e-01
1.620129207932498594e-01
1.848531989559627497e-01
2.046904419624889782e-01
2.230759449973471198e-01
2.412784569989649963e-01
2.604379021084871071e-01
2.816959862466151820e-01
3.062801771603677059e-01
3.354742720977652026e-01
3.702350866985845701e-01
4.097234414073877007e-01
4.469991129122293794e-01
4.605174394835653273e-01
4.138387392125912889e-01
2.991899073758393368e-01
1.739941144543403762e-01
8.869471728664315990e-02
4.429003120739154198e-02
2.479206219129022684e-02
1.796452244596860245e-02
1.712900023336033292e-02
1.897019863114373858e-02
2.187606903545199002e-02
2.505628670060965416e-02
2.810769280279039675e-02
3.079766562353338649e-02
3.294905217338299497e-02
3.437306058474209197e-02
3.483105352749411160e-02
3.403161443254459906e-02
3.169203598543350597e-02
2.769543618146193958e-02
2.230718748865048034e-02
1.627291242848281916e-02
1.059561425139506942e-02
6.084586880561522471e-03
3.057550116090457151e-03
1.390573576119129165e-03
7.493747635398119141e-04
7.828462065533878028e-04
1.211017746967457285e-03
1.839436596975982602e-03
2.543317727203244470e-03
3.246078753579945738e-03
3.901307021341681152e-03
4.479830434867501134e-03
4.961189177079064483e-03
5.328551817015857693e-03
5.566533379621487268e-03
5.661797593855168696e-03
5.606340536498975041e-03
5.402624006806595186e-03
5.068338870553840310e-03
4.637561128054338948e-03
4.156050125038727311e-03
3.671751306491073848e-03
3.224789748467141171e-03
2.841368351137727333e-03
2.533077950957143658e-03
2.300078440267719956e-03
2.135567346630542953e-03
2.029660137067771167e-03
1.971964340242472746e-03
1.952911672117449687e-03
1.964206930931799121e-03
1.998756994826953425e-03
2.050350514588994942e-03
2.113269919507946865e-03
2.181962159597149262e-03
2.250866167225480663e-03
2.314470125674298554e-03
2.367624407123070530e-03
2.406054453622692713e-03
2.426921896703504705e-03
2.429225168547819065e-03
2.413865663143318751e-03
2.383332683900093833e-03
2.341111978788158049e-03
2.291011293095551651e-03
2.236584512288843085e-03
2.180754804421924063e-03
2.125646874046796444e-03
2.072580665282828909e-03
2.022161382405071768e-03
1.974410148991980873e-03
1.928899147819070764e-03
1.884873588010687684e-03
1.841355902967064650e-03
1.797234850781076433e-03
1.751344903910696457e-03
1.702540949647388720e-03
1.649771231598891070e-03
1.592148956598474522e-03
1.529021347609498243e-03
1.460035066119448610e-03
1.385198921787289105e-03
1.304947594855692793e-03
1.220211984645659838e-03
1.132501241675929436e-03
1.043997987411013481e-03
9.576621696215914786e-04
8.773314720185342508e-04
8.077981991403567451e-04
7.548349360430474516e-04
7.251350479117812204e-04
7.261309108274588810e-04
7.656552732795777463e-04
8.514226479582502139e-04
9.903310728838284234e-04
1.187620673922500395e-03
1.445970416850208195e-03
1.764658416340942303e-03
2.138939108836485255e-03
2.559786661602907101e-03
3.014109036136094610e-03
3.485455811207124627e-03
3.955145545085046732e-03
4.403654777238474004e-03
4.812067178375747933e-03
5.163389218610796132e-03
5.443590122738618635e-03
5.642297058606791406e-03
5.753146777551287894e-03
5.773844488518979808e-03
5.706002972411562679e-03
5.554833041464715682e-03
5.328739162531901871e-03
5.038851323080597439e-03
4.698504330757589768e-03
4.322664195646502838e-03
3.927300507605836592e-03
3.528713312477545737e-03
3.142839697438980402e-03
2.784583664281444285e-03
2.467226331648825471e-03
2.201976205766834581e-03
1.997708121454609340e-03
1.860915625121303991e-03
1.795870351790131506e-03
1.804951053939206568e-03
1.889081765366835584e-03
2.048207741366531772e-03
2.281740023648619938e-03
2.588912075926941888e-03
2.969010509399280361e-03
3.421462091209638914e-03
3.945777883978838184e-03
4.541370990763215695e-03
5.207276718583474240e-03
5.941813313904515878e-03
6.742227922231541944e-03
7.604375706056379185e-03
8.522479207224192138e-03
9.489008983827235122e-03
1.049471466720109519e-02
1.152881834047562830e-02
1.257936145749972284e-02
1.363367563601028225e-02
1.467893043259538288e-02
1.570270107081487079e-02
1.669349801684955406e-02
1.764120818726163525e-02
1.853741235300588458e-02
1.937556160577266762e-02
2.015101393416385278e-02
2.086094703559997904e-02
2.150417370717509075e-02
2.208089107925621103e-02
2.259239519337469596e-02
2.304078919352128135e-02
2.342870806724383498e-02
2.375907665268589888e-02
2.403491142265273481e-02
2.425917094192244633e-02
2.443465517915377819e-02
2.456395017276673601e-02
2.464941193182254228e-02
2.469318186994485728e-02
2.469722544770838399e-02
2.466338590950038073e-02
2.459344585987753226e-02
2.448919069815635660e-02
2.435246936316561028e-02
2.418524919673940496e-02
2.398966283897141158e-02
2.376804583298664994e-02
2.352296404856730680e-02
2.325723021632143325e-02
2.297390892599806070e-02
2.267630951974640083e-02
2.236796651277487072e-02
2.205260756030806568e-02
2.173410956359518240e-02
2.141644421767173456e-02
2.110361505768532098e-02
2.079958874575326896e-02
2.050822384417985006e-02
2.023320055305049756e-02
1.997795479964986284e-02
1.974561965256407120e-02
1.953897634495238220e-02
1.936041632293653350e-02
1.921191480677054281e-02
1.909501548967517531e-02
1.901082530960631484e-02
1.896001778486682346e-02
1.894284323235085124e-02
1.895914426950821158e-02
1.900837528428122800e-02
1.908962496644940263e-02
1.920164144854610150e-02
1.934286003177276142e-02
1.951143381483061781e-02
1.970526776267501889e-02
1.992205682663953509e-02
2.015932864996096072e-02
2.041449116685994589e-02
2.068488504117689877e-02
2.096784041351478986e-02
2.126073686651749894e-02
2.156106492253157328e-02
2.186648681680196729e-02
2.217489381411720181e-02
2.248445703284889657e-02
2.279366867557299642e-02
2.310137078725446949e-02
2.340676918526612624e-02
2.370943100586028057e-02
2.400926532555355819e-02
2.430648744863443331e-02
2.460156859235089477e-02
2.489517373835416214e-02
2.518809125797176127e-02
2.548115849256163412e-02
2.577518774324804793e-02
2.607089709177202660e-02
2.636885015502813540e-02
2.666940830518479272e-02
2.697269810896366082e-02
2.727859580169623294e-02
2.758672956473142909e-02
2.789649927246748082e-02
2.820711227651619482e-02
2.851763276378286791e-02
2.882704133136216457e-02
2.913430073274065474e-02
2.943842332824337521e-02
2.973853566343663546e-02
3.003393582348473645e-02
3.032413976014956825e-02
3.060891361985020390e-02
3.088829014545565327e-02
3.116256838968499074e-02
3.143229716306052135e-02
3.169824374670755784e-02
3.196135034737718900e-02
3.222268149946131560e-02
3.248336609321762075e-02
3.274453792105556926e-02
3.300727859470350967e-02
3.327256641747496774e-02
3.354123432564122542e-02
3.381393937095898000e-02
3.409114543396457586e-02
3.437311996937349179e-02
3.465994463230672590e-02
3.495153866823950267e-02
3.524769303184742408e-02
3.554811239889226621e-02
3.585246162070785531e-02
3.616041280487274773e-02
3.647168913384533917e-02
3.678610177666438719e-02
3.710357679901496453e-02
3.742416979572688041e-02
3.774806699248794972e-02
3.807557270630311519e-02
3.840708422309093567e-02
3.874305625136641867e-02
3.908395805626534159e-02
3.943022709410566595e-02
3.978222339546103742e-02
4.014018904176353680e-02
4.050421682110041249e-02
4.087423152735193688e-02
4.124998640243904974e-02
4.163107596532896609e-02
4.201696501173966813e-02
4.240703202938008592e-02
4.280062380572431657e-02
4.319711676622060847e-02
4.359597970974180003e-02
4.399683220176695692e-02
4.439949298305755770e-02
4.480401333234095701e-02
4.521069131882558823e-02
4.562006420188711997e-02
4.603287778439726918e-02
4.645003321598694529e-02
4.687251350015345097e-02
4.730129371832765550e-02
4.773724067386741349e-02
4.818100918758301543e-02
4.863294351931960607e-02
4.909299318145629587e-02
4.956065254940129894e-02
5.003493294738086544e-02
5.051437411692196594e-02
5.099709908513171130e-02
5.148091254399270178e-02
5.196343826670275778e-02
5.244228638915116036e-02
5.291523728915505792e-02
5.338042600820933764e-02
