1.224223858006165733e+00
1.225055579413436124e+00
1.226417632348967501e+00
1.228273863219936368e+00
1.230573978656873679e+00
1.233254270910525197e+00
1.236239082505028453e+00
1.239443332572161216e+00
1.242776416794284522e+00
1.246147736590159205e+00
1.249474006116685576e+00
1.252688326054478551e+00
1.255750804554620625e+00
1.258660259019094285e+00
1.261466266297233352e+00
1.264280567675464262e+00
1.267286602392270645e+00
1.270745752738423162e+00
1.274998727288289224e+00
1.280460349598306458e+00
1.287605793903229268e+00
1.296945946518609283e+00
1.308989045178245103e+00
1.324185169691867836e+00
1.342849926517205805e+00
1.365064678282928323e+00
1.390554470892136907e+00
1.418553506086056126e+00
1.447683292889761830e+00
1.475889292152567034e+00
1.500499890106303802e+00
1.518469401733887780e+00
1.526823378637268469e+00
1.523235171700534352e+00
1.506563813003090946e+00
1.477147340418051291e+00
1.436724839351430028e+00
1.388022108492965812e+00
1.334174652810068196e+00
1.278192672735802837e+00
1.222601161058617159e+00
1.169284294141885949e+00
1.119489981138326096e+00
1.073925973244948873e+00
1.032888449479349546e+00
9.963856305462944762e-01
9.642386042639562449e-01
9.361542107539662094e-01
9.117707937882130187e-01
8.906786547765447315e-01
8.724143889418823905e-01
8.564215984427610007e-01
8.419566255262854737e-01
8.278879735601837320e-01
8.122692484777860322e-01
7.914025254537202514e-01
7.577393001633077052e-01
6.953679527360999701e-01
5.730711864207735928e-01
3.538823545887155864e-01
9.466688324336493265e-02
2.054967295271885059e-03
9.148815839878585154e-02
2.175759681874663287e-01
3.189049756703580263e-01
3.918886511939467243e-01
4.441860999807173971e-01
4.825553333509260967e-01
5.115658709303196883e-01
5.341541532133301518e-01
5.522039269157983377e-01
5.669309615122054558e-01
5.791122648866008360e-01
5.892126258147744045e-01
5.974397610235527845e-01
6.037373387714699557e-01
6.077013595167181093e-01
6.083682129655745285e-01
6.037474785387594300e-01
5.898077948980063878e-01
5.583024861812138084e-01
4.926537653171430553e-01
3.651324758539879478e-01
1.666787674742843950e-01
1.578336812486072493e-02
6.029628079999584112e-02
2.022364442876352919e-01
3.291670859503688651e-01
4.221493159803779149e-01
4.903923099537327301e-01
5.436470682788290265e-01
5.886036536076446612e-01
6.297181444950862295e-01
6.701894506626504544e-01
7.126013865624571952e-01
7.592943516154618822e-01
8.124961257156271266e-01
8.740491258666049923e-01
9.441116127573676575e-01
1.017097011174104448e+00
1.071284315976764434e+00
1.051849533527584368e+00
8.821992121093670258e-01
5.744758125757426503e-01
2.822299575212314227e-01
1.076887428220713316e-01
3.278538260808439020e-02
1.171898181331096703e-02
1.461333457084341807e-02
2.669758516521625671e-02
4.129718830075343461e-02
5.549456359608298528e-02
6.802666202308105259e-02
7.831726162017516035e-02
8.602427360030381887e-02
9.081778063160884928e-02
9.227328372248959354e-02
8.985542874008692338e-02
8.303077507561633375e-02
7.158346607642449011e-02
5.614049577127660368e-02
3.863576088248969753e-02
2.211135153566359465e-02
9.543907772831809744e-03
2.473054017772000155e-03
6.228059192409210508e-04
2.603774953101203535e-03
6.826378804847922817e-03
1.201745726706285669e-02
1.733319271622845228e-02
2.227914002619374098e-02
2.659091280348169911e-02
3.013646199198647888e-02
3.285074441907245846e-02
3.469722892560626881e-02
3.564911443014082137e-02
3.568576372794369372e-02
3.480234766258665652e-02
3.303102799387686028e-02
3.046882422019420861e-02
2.730074356635078456e-02
2.380095986537687086e-02
2.029830529583926541e-02
1.711030009925357601e-02
1.447267841330629294e-02
1.249777768219500172e-02
1.117684116301551067e-02
1.041512436911508702e-02
1.007647453574160579e-02
1.001933877604752055e-02
1.011788473742691354e-02
1.027030452599053158e-02
1.039923711957693730e-02
1.044871555961648067e-02
1.038048604171753868e-02
1.017115154019668927e-02
9.810635600900983327e-03
9.301827011335228254e-03
8.660792687846328997e-03
7.916588728431529082e-03
7.109575039593951304e-03
6.287456756734884251e-03
5.499128128857444509e-03
4.787514638825769719e-03
4.183373407704281573e-03
3.701855064926451357e-03
3.342566931373264043e-03
3.092555812741679382e-03
2.930799387656051781e-03
2.832749420361816827e-03
2.773971651422143733e-03
2.732549721584436216e-03
2.690369924335003250e-03
2.633604222376589692e-03
2.552721130794537076e-03
2.442270164807401091e-03
2.300575224739474442e-03
2.129373774963045501e-03
1.933370112141611979e-03
1.719642217090532792e-03
1.496857920024456884e-03
1.274313781801437832e-03
1.060890006969629831e-03
8.640822640805258508e-04
6.892898721965047375e-04
5.394923203913523689e-04
4.153486675560091228e-04
3.156488447182296338e-04
2.379747630694854831e-04
1.794123464649368684e-04
1.371850444611258705e-04
1.091307593844783344e-04
9.399355697556951300e-05
9.153556902728169806e-05
1.024910853198125673e-04
1.283890691968501746e-04
1.712695306274716661e-04
2.333195220946966653e-04
3.164593512492633451e-04
4.219188973988607558e-04
5.498543510424669161e-04
6.990615961099498751e-04
8.668378666052412029e-04
1.049024890050417229e-03
1.240236294875363739e-03
1.434237079095943652e-03
1.624414037572588293e-03
1.804262394555042554e-03
1.967819020948679849e-03
2.109993134098165843e-03
2.226773115182639068e-03
2.315314109719295889e-03
2.373929165948613241e-03
2.402014659298281826e-03
2.399939938661561478e-03
2.368924615377335577e-03
2.310918059498959058e-03
2.228487159704408468e-03
2.124711970336505204e-03
2.003085358109869384e-03
1.867412314893775052e-03
1.721706786639233501e-03
1.570087744341931582e-03
1.416680467750555976e-03
1.265532166624767571e-03
1.120551914348498187e-03
9.854828447179424938e-04
8.639099616436995109e-04
7.593008084840132147e-04
6.750701078548866424e-04
6.146546732452791472e-04
5.815822693026301933e-04
5.795178905754037749e-04
6.122728806894662005e-04
6.837659471246910906e-04
7.979299875203503881e-04
9.585644145418085061e-04
1.169139120572848609e-03
1.432563067398335156e-03
1.750937180326220905e-03
2.125316878761925998e-03
2.555512986799838258e-03
3.039959668162254755e-03
3.575673477212985840e-03
4.158318441598744808e-03
4.782379209356887526e-03
5.441429715268378611e-03
6.128471267256030593e-03
6.836304151038578858e-03
7.557892757330010418e-03
8.286686480400439619e-03
9.016866400739327256e-03
9.743499121966179427e-03
1.046259168952226939e-02
1.117105308738477847e-02
1.186657687886830473e-02
1.254746546315166703e-02
1.321241922761876887e-02
1.386031411240171499e-02
1.448998944817214696e-02
1.510006498782425974e-02
1.568880224924798852e-02
1.625402086201731613e-02
1.679307571181803960e-02
1.730289546635280576e-02
1.778007781781718380e-02
1.822103190378295337e-02
1.862215438273684409e-02
1.898002304591037484e-02
1.929159100245723610e-02
1.955436548142096970e-02
1.976655794526880131e-02
1.992719602942439813e-02
2.003619217296370714e-02
2.009436803555564310e-02
2.010343737338887715e-02
2.006595264774113305e-02
1.998522216863169582e-02
1.986520513130396112e-02
1.971039170811711427e-02
1.952567468234962106e-02
1.931621820474267032e-02
1.908732831062122728e-02
1.884432897299093135e-02
1.859244673341075779e-02
1.833670634356351567e-02
1.808183933162347753e-02
1.783220693434751578e-02
1.759173837030264878e-02
1.736388495017114619e-02
1.715159002497380555e-02
1.695727427866300721e-02
1.678283540631234777e-02
1.662966081566949472e-02
1.649865167695008933e-02
1.639025644222396813e-02
1.630451186706916022e-02
1.624108958545902523e-02
1.619934639550086805e-02
1.617837658365511855e-02
1.617706482169407531e-02
1.619413838932587391e-02
1.622821768620666752e-02
1.627786418571978283e-02
1.634162514059148835e-02
1.641807447300407466e-02
1.650584936918793322e-02
1.660368215402486039e-02
1.671042705227337999e-02
1.682508146099928950e-02
1.694680137788517893e-02
1.707491067018497566e-02
1.720890394727947817e-02
1.734844293083733988e-02
1.749334640811039954e-02
1.764357410323013492e-02
1.779920509427848976e-02
1.796041171561280417e-02
1.812743018359663089e-02
1.830052943563376111e-02
1.847997984667896360e-02
1.866602356148113623e-02
1.885884814244715574e-02
1.905856508094477125e-02
1.926519446258363397e-02
1.947865673049182372e-02
1.969877207578663025e-02
1.992526752528408704e-02
2.015779131864451484e-02
2.039593369731950226e-02
2.063925279320906817e-02
2.088730393329768856e-02
2.113967039418737995e-02
2.139599347121763639e-02
2.165599968977276885e-02
2.191952309326203677e-02
2.218652079562332541e-02
2.245708037768406537e-02
2.273141821665978710e-02
2.300986843632537790e-02
2.329286281351774374e-02
2.358090263116930860e-02
2.387452408442385099e-02
2.417425938244521094e-02
2.448059610750765239e-02
2.479393766479663294e-02
2.511456775786093804e-02
2.544262173900870699e-02
2.577806740033264377e-02
2.612069728577014194e-02
2.647013392384770306e-02
2.682584852511545048e-02
2.718719269746618095e-02
2.755344166868688160e-02
2.792384645258609924e-02
2.829769145269335137e-02
2.867435327026776268e-02
2.905335606499196907e-02
2.943441877479572102e-02
2.981748986420558814e-02
3.020276602198890964e-02
3.059069230938138428e-02
3.098194257788922795e-02
3.137738042094246477e-02
3.177800238569190167e-02
3.218486655142587666e-02
3.259901080067720974e-02
3.302136610954840845e-02
3.345267092027417316e-02
3.389339308995269195e-02
3.434366598603488807e-02
3.480324496033052051e-02
3.527148960986314918e-02
3.574737586451672000e-02
3.622954000461261342e-02
3.671635425332745589e-02
3.720603075482761812e-02
3.769674779390907310e-02
3.818678938186349098e-02
3.867468721151746253e-02
3.915935282206008117e-02
3.964018784711378918e-02
4.011716150830184346e-02
4.059084692742735700e-02
4.106241106477800940e-02
4.153355675569574829e-02
4.200641901406037410e-02
4.248342117634021364e-02
4.296709937409867730e-02
4.345990617745938006e-02
4.396400607340365113e-02
4.448107678923468589e-02
4.501213135803789483e-02
4.555737615668106061e-02
4.611611969467212246e-02
4.668674533941850197e-02
4.726675803859909514e-02
4.785291016097798639e-02
4.844140482745280807e-02
4.902816699202611206e-02
4.960916400413243471e-02
5.018074978129401925e-02
5.074000150324450148e-02
