1.226548876477497885e+00
1.227511405487846208e+00
1.229091905391846096e+00
1.231254878231122118e+00
1.233950956398999432e+00
1.237117635549596750e+00
1.240680750311724978e+00
1.244557019196154135e+00
1.248657977891156845e+00
1.252895567620762041e+00
1.257189541818715783e+00
1.261476697510354628e+00
1.265721730203591910e+00
1.269929262792551139e+00
1.274156327942856270e+00
1.278524313298575965e+00
1.283229132733553213e+00
1.288548177408826989e+00
1.294842418309029020e+00
1.302551837505131482e+00
1.312182089837926391e+00
1.324279862630237670e+00
1.339393774294513895e+00
1.358016941757377083e+00
1.380506965222668470e+00
1.406979968762382072e+00
1.437179169175158755e+00
1.470327538293681124e+00
1.504990463282439794e+00
1.538996917483995253e+00
1.569488248695661392e+00
1.593163596865069254e+00
1.606746806402775674e+00
1.607604824936923027e+00
1.594339043500336617e+00
1.567126565521907544e+00
1.527667072087947497e+00
1.478762224244268841e+00
1.423707062270566093e+00
1.365712627583256733e+00
1.307507319219088693e+00
1.251154355028749832e+00
1.198042493832142341e+00
1.148978477499735806e+00
1.104317927927388476e+00
1.064093640977036959e+00
1.028120990711210769e+00
9.960738060357543500e-01
9.675306129227840835e-01
9.419923063076541814e-01
9.188693994816922173e-01
8.974296503166581118e-01
8.766819138368916464e-01
8.551407516492796068e-01
8.303475200107973686e-01
7.978706471528972388e-01
7.491976487907967552e-01
6.676154715998914302e-01
5.235217182069425990e-01
2.916814501938611581e-01
5.580113384185540759e-02
2.041287354461359532e-02
1.555852427780464176e-01
3.029167166260088306e-01
4.113294904915547057e-01
4.852360235633322860e-01
5.359563731786323171e-01
5.717604385102489362e-01
5.978287718957845387e-01
6.173330708134179279e-01
6.322286570284260110e-01
6.437255113967740305e-01
6.525518416738497196e-01
6.590916140530176381e-01
6.634380660845728972e-01
6.653754599377262879e-01
6.642732494871935733e-01
6.588362640140549287e-01
6.465767419281789330e-01
6.227149210889575404e-01
5.779491483288093923e-01
4.946811551720146083e-01
3.466364310136587079e-01
1.370937970391757077e-01
8.671567328001249242e-03
9.852083660984961577e-02
2.731736053688860744e-01
4.157063593357227527e-01
5.149981637057199357e-01
5.854114109811460187e-01
6.390778927964846368e-01
6.837348298614837061e-01
7.243063560100209131e-01
7.642002925451164552e-01
8.060781642307822681e-01
8.522669285893210711e-01
9.048744003965504268e-01
9.654376805868679634e-01
1.033435673574298219e+00
1.101846539070703290e+00
1.146200753857532284e+00
1.107832213097987628e+00
9.096460413430574876e-01
5.742590713412750736e-01
2.682129562984492677e-01
9.301031212135291160e-02
2.310180838074032961e-02
7.932647469815298780e-03
1.591099397896016468e-02
3.189827875800727019e-02
4.928008172331525133e-02
6.528854678750843632e-02
7.879611345313017323e-02
8.932343604416570493e-02
9.658775897653026909e-02
1.002918330669844704e-01
1.000367079422507799e-01
9.533879236697646864e-02
8.579551990530863426e-02
7.146770268004161430e-02
5.344523197873195935e-02
3.424259272290294115e-02
1.737101746194866583e-02
5.897106349830638465e-03
1.016020542404162674e-03
1.891718570113073202e-03
6.631812975414977038e-03
1.333072215278779948e-02
2.057518227571522931e-02
2.749312138634287667e-02
3.361559430917050728e-02
3.872113115150999096e-02
4.271968735643717069e-02
4.557997219857939236e-02
4.728960923436922176e-02
4.783843765002208231e-02
4.721950752315865613e-02
4.544550272527478341e-02
4.257837604286100058e-02
3.876547181231451006e-02
3.426690721719235361e-02
2.945227500085025735e-02
2.475073143772234946e-02
2.056286181107527464e-02
1.717129936823013833e-02
1.469267941300630986e-02
1.308747842847839300e-02
1.221042206965788739e-02
1.187013149099777967e-02
1.187526387609276479e-02
1.206021970025689290e-02
1.229410009916274450e-02
1.247980370693850885e-02
1.254908383980905123e-02
1.245717559290070164e-02
1.217873616125436480e-02
1.170560539040616486e-02
1.104609932367149605e-02
1.022497819877731667e-02
9.282824249169773639e-03
8.273472484850412020e-03
7.258610575366659240e-03
6.299784258632326606e-03
5.449436044109531342e-03
4.743472245670335950e-03
4.197529270544441207e-03
3.807688419119559849e-03
3.554732060968636073e-03
3.410070498543527930e-03
3.341506990014480715e-03
3.317702405888266204e-03
3.311001212873900847e-03
3.298831594049794931e-03
3.264120234571377208e-03
3.195156559248368746e-03
3.085223023007390916e-03
2.932163798335084455e-03
2.737938297246330938e-03
2.508117422816513384e-03
2.251238959834172670e-03
1.977950255235366717e-03
1.699929155861381290e-03
1.428668693231536320e-03
1.174298655051495954e-03
9.446536167943274690e-04
7.447570421342864823e-04
5.767872314870355326e-04
4.404683530172044561e-04
3.337391999657227971e-04
2.535215829659631420e-04
1.964350480611248080e-04
1.593595977101731345e-04
1.398056685661896135e-04
1.360934663025421246e-04
1.473672734525664990e-04
1.734785371947097986e-04
2.147715587770714551e-04
2.718038416226234671e-04
3.450333895083120125e-04
4.345081673113680557e-04
5.395964895596301819e-04
6.587975033328988261e-04
7.896643656461462078e-04
9.288574059066904759e-04
1.072322368547977411e-03
1.215565265170472651e-03
1.353977601506486895e-03
1.483159399431626833e-03
1.599193951850379604e-03
1.698844424012998025e-03
1.779662214428649964e-03
1.840014384462813424e-03
1.879048645418896629e-03
1.896618445799084151e-03
1.893188968765084938e-03
1.869739699919666098e-03
1.827672996934588722e-03
1.768732515682642061e-03
1.694931411613063944e-03
1.608488296858316289e-03
1.511768880647951186e-03
1.407232598939893789e-03
1.297385647217665604e-03
1.184743831557306124e-03
1.071809746412929251e-03
9.610684218848789548e-04
8.550036383761661779e-04
7.561339468153770562e-04
6.670637842000765863e-04
5.905417698074178802e-04
5.295159754919580861e-04
4.871750240934712064e-04
4.669642930933161069e-04
4.725680936464202414e-04
5.078512292747180534e-04
5.767566646213573983e-04
6.831600983236085171e-04
8.306869924071537100e-04
1.022502890781873180e-03
1.261093219814530099e-03
1.548053425000662457e-03
1.883913200059004816e-03
2.268018582949087123e-03
2.698491980428223327e-03
3.172282551636268575e-03
3.685308574335559133e-03
4.232681116256403232e-03
4.808986834858544612e-03
5.408599350901822402e-03
6.025985065681598377e-03
6.655971084515282903e-03
7.293949411057851044e-03
7.936001187394861600e-03
8.578935467605498799e-03
9.220246983661976176e-03
9.858005310732930251e-03
1.049069318591509120e-02
1.111701450897033434e-02
1.173569315787670146e-02
1.234528270498543197e-02
1.294400486603229997e-02
1.352963133906319622e-02
1.409941973660327683e-02
1.465010967293237619e-02
1.517797989134796709e-02
1.567896190629036735e-02
1.614880047034923660e-02
1.658324685513709595e-02
1.697826805281340418e-02
1.733025399874555533e-02
1.763620593399913006e-02
1.789389187073082976e-02
1.810195928558430353e-02
1.825999994712998453e-02
1.836856645660199863e-02
1.842914404451408833e-02
1.844408404163066020e-02
1.841650710744883665e-02
1.835018484795148189e-02
1.824940812649888597e-02
1.811884946638042670e-02
1.796342574730244029e-02
1.778816613864312585e-02
1.759808903950578485e-02
1.739809078437038956e-02
1.719284803976896606e-02
1.698673514098545875e-02
1.678375706068268094e-02
1.658749822519525394e-02
1.640108696994322518e-02
1.622717503768958056e-02
1.606793117033321686e-02
1.592504753477592613e-02
1.579975746927021057e-02
1.569286285145263943e-02
1.560476928147095689e-02
1.553552724487282551e-02
1.548487746461945508e-02
1.545229875808515514e-02
1.543705686785362165e-02
1.543825291801729539e-02
1.545487034499607761e-02
1.548581935038455260e-02
1.552997811254036922e-02
1.558623016564016951e-02
1.565349750407046825e-02
1.573076909264661469e-02
1.581712455795524983e-02
1.591175290480023943e-02
1.601396614979326560e-02
1.612320780116802479e-02
1.623905615299747057e-02
1.636122241790325185e-02
1.648954380857060517e-02
1.662397180384437428e-02
1.676455600129126908e-02
1.691142415720314415e-02
1.706475923069773054e-02
1.722477445807734514e-02
1.739168766151811402e-02
1.756569611862467128e-02
1.774695336772050963e-02
1.793554928673278537e-02
1.813149465812877170e-02
1.833471122299213177e-02
1.854502794442599786e-02
1.876218385879631356e-02
1.898583751069568559e-02
1.921558256392368741e-02
1.945096877812138234e-02
1.969152716242470944e-02
1.993679778817498624e-02
2.018635848701699764e-02
2.043985250181312718e-02
2.069701311528441764e-02
2.095768336874635415e-02
2.122182920606760156e-02
2.148954473132573192e-02
2.176104873701754927e-02
2.203667221710825172e-02
2.231683719105503200e-02
2.260202779089728539e-02
2.289275516118891365e-02
2.318951825003814221e-02
2.349276299212142011e-02
2.380284267023643693e-02
2.411998236559189171e-02
2.444425034888093873e-02
2.477553900979883109e-02
2.511355746412892789e-02
2.545783731662661434e-02
2.580775221117844950e-02
2.616255080366144611e-02
2.652140170816807627e-02
2.688344787834305236e-02
2.724786689550538418e-02
2.761393285400015954e-02
2.798107506288793206e-02
2.834892869689773637e-02
2.871737286372200160e-02
2.908655229704562237e-02
2.945687997687148132e-02
2.982901932610580037e-02
3.020384611986648427e-02
3.058239175368232185e-02
3.096577094321245269e-02
3.135509818770981783e-02
3.175139836171179952e-02
3.215551756112594584e-02
3.256804078375204886e-02
3.298922312749962005e-02
3.341894088627771903e-02
3.385666814731799062e-02
3.430148318260044932e-02
3.475210705064084304e-02
3.520697441829561541e-02
3.566433380626006511e-02
3.612237149682621246e-02
3.657935055351713843e-02
3.703375417304985429e-02
3.748442127979016020e-02
3.793066213575303769e-02
3.837234286064318545e-02
3.880993002729186264e-02
3.924448963800302587e-02
3.967763841109528400e-02
4.011144901091485276e-02
4.054831430048668611e-02
4.099077866444347101e-02
4.144134685380847921e-02
4.190228265958100690e-02
4.237541108833587505e-02
4.286193861936779537e-02
4.336230650040761442e-02
4.387609168350234401e-02
4.440196858440708522e-02
4.493774198755996763e-02
4.548045682032881426e-02
4.602658414912748353e-02
4.657227498756608824e-02
4.711366521836614363e-02
4.764720738260954519e-02
4.816999969539489251e-02
