1.124416820625091740e+00
1.123141055973774227e+00
1.120967588452362662e+00
1.117827096083784610e+00
1.113625584564882365e+00
1.108247702468393658e+00
1.101561313291770317e+00
1.093423455437001035e+00
1.083687745868021413e+00
1.072213157179618070e+00
1.058873924587172777e+00
1.043570130603757695e+00
1.026238292454320522e+00
1.006861072014575420e+00
9.854750788015063101e-01
9.621756826655422090e-01
9.371178252467763370e-01
9.105120302151762379e-01
8.826151481289705725e-01
8.537157927003630187e-01
8.241148760654180006e-01
7.941020821018927034e-01
7.639295155425411821e-01
7.337841835559958392e-01
7.037615432018390349e-01
6.738432879088139815e-01
6.438840288287264180e-01
6.136134804190318537e-01
5.826624632637548151e-01
5.506206807996312236e-01
5.171289500648182935e-01
4.819959701974492750e-01
4.453114269884589915e-01
4.075125010819979354e-01
3.693643041762648682e-01
3.318443625782390716e-01
2.959648509369816605e-01
2.625954369697592883e-01
2.323439541451391144e-01
2.055185412440692361e-01
1.821588341747629181e-01
1.621051545823659623e-01
1.450755591706933412e-01
1.307317587345748489e-01
1.187266720328989250e-01
1.087341395688374568e-01
1.004647749885736741e-01
9.367254706979022405e-02
8.815598467435170615e-02
8.375685616397846034e-02
8.035824412993705645e-02
7.788321856042880464e-02
7.629465969398742387e-02
7.559565753308301883e-02
7.582660287968481794e-02
7.704375541951827278e-02
7.922433540832217458e-02
8.190791851620905784e-02
8.301582980398453104e-02
7.634569292646323224e-02
5.422541534352457587e-02
2.690474884301240904e-02
1.241089409031515857e-02
9.040088117611092683e-03
1.001784892750360277e-02
1.211342587172695336e-02
1.427005093262026687e-02
1.621185461397281480e-02
1.790778551842818478e-02
1.939627265289421698e-02
2.073063144476269826e-02
2.196356836789144923e-02
2.314441488297303354e-02
2.432057217221021347e-02
2.554048420596757504e-02
2.685741084823521641e-02
2.833383322359844109e-02
3.004597102295389344e-02
3.208558897539909305e-02
3.454725225835516417e-02
3.745555294595185464e-02
4.046817232727416280e-02
4.188505447353835232e-02
3.691824441997849232e-02
2.200558316795052372e-02
7.260383206759697498e-03
1.171590269058936937e-03
5.530462823803264415e-04
1.810606419517682289e-03
3.500182980838828679e-03
5.190951143301755950e-03
6.799187443081481166e-03
8.355251691510610229e-03
9.932679490676958947e-03
1.163277168434098847e-02
1.359133040423795083e-02
1.599920548487342165e-02
1.913613843105702386e-02
2.341291430145384100e-02
2.937697510905570158e-02
3.747552073439650022e-02
4.699351473253840505e-02
5.402635808386956756e-02
5.298005533102040365e-02
4.451334253577644146e-02
3.466273176959314140e-02
2.690319586350567102e-02
2.155784998808843445e-02
1.800742372127343838e-02
1.565476921297892857e-02
1.408965577212504573e-02
1.305235768607222215e-02
1.237987737671657380e-02
1.196702952612181160e-02
1.174096777841809533e-02
1.164358582911803781e-02
1.161748108535057278e-02
1.159327851840931400e-02
1.147945543657987073e-02
1.116165735459232269e-02
1.052486610446867407e-02
9.506623928803565812e-03
8.156998427316607819e-03
6.644736252973996830e-03
5.181568517350049197e-03
3.925832107552018266e-03
2.942311442623654714e-03
2.222427759074479398e-03
1.722902518273320424e-03
1.394030725890020930e-03
1.192931472406801984e-03
1.087125701288821919e-03
1.053787303366886339e-03
1.077652344746872883e-03
1.148798269957159411e-03
1.260604325718817824e-03
1.407851946874590782e-03
1.584870222627335345e-03
1.783775961883437948e-03
1.993155529106115618e-03
2.197853931962263051e-03
2.380548980907273068e-03
2.525131568371024628e-03
2.620722209129317404e-03
2.664380664588816752e-03
2.661165003360313388e-03
2.621820119975605372e-03
2.559591687339340341e-03
2.487626114540801483e-03
2.417587972020666769e-03
2.359364435398981705e-03
2.321408748606561788e-03
2.311293309624508178e-03
2.336173531050803574e-03
2.402974156082822010e-03
2.518172088504121945e-03
2.687091314020054276e-03
2.912692216321613979e-03
3.193970989447904654e-03
3.524293574750121585e-03
3.890212113863902345e-03
4.271406910362677764e-03
4.642200161018344463e-03
4.974565701009034044e-03
5.241927825763907298e-03
5.422680842813836985e-03
5.502517224718654447e-03
5.475218819372846060e-03
5.342176775890520798e-03
5.111244973053870148e-03
4.795528185437168515e-03
4.412487720743227780e-03
3.983480227861507621e-03
3.533630064215227164e-03
3.091797158958087439e-03
2.690329991489559276e-03
2.364278422365231804e-03
2.149793695736817219e-03
2.081586173558814742e-03
2.189557898736749480e-03
2.495046112881611940e-03
3.007409251248333287e-03
3.721814886890511924e-03
4.618928983438810865e-03
5.666753163208389579e-03
6.824264903122692974e-03
8.046031013364266654e-03
9.286785584503255350e-03
1.050512732759952515e-02
1.166587451307687755e-02
1.274103108701752154e-02
1.370962124123515508e-02
1.455679057716953440e-02
1.527257551008689290e-02
1.585066645950334793e-02
1.628738758154470861e-02
1.658101815293790832e-02
1.673149961586206658e-02
1.674050704532224071e-02
1.661181066301251064e-02
1.635181148153729697e-02
1.597011011817074666e-02
1.547996739695512228e-02
1.489854538010832764e-02
1.424687530689484546e-02
1.354957069903581397e-02
1.283436783131821843e-02
1.213161076156941270e-02
1.147379293586913221e-02
1.089522506218950672e-02
1.043183418267009353e-02
1.012103089217538006e-02
1.000152712732106305e-02
1.011295648485987207e-02
1.049514749386501467e-02
1.118692907535859087e-02
1.222440625211536694e-02
1.363873066513262948e-02
1.545349793195986178e-02
1.768201841348306103e-02
2.032480701720922392e-02
2.336769266831767097e-02
2.678093184561887788e-02
3.051960834646000320e-02
3.452542104478498880e-02
3.872973675898239154e-02
4.305756924829363258e-02
4.743199270943571771e-02
5.177844647245628817e-02
5.602844403709006382e-02
6.012234042318995858e-02
6.401099382754034395e-02
6.765633487917019351e-02
7.103099498799378408e-02
7.411722823455225984e-02
7.690538984963522784e-02
7.939222049400269932e-02
8.157914513818775859e-02
8.347074282538760603e-02
8.507348937497813401e-02
8.639482517295349329e-02
8.744255734412804959e-02
8.822457080736112456e-02
8.874879647947619965e-02
8.902336782076347710e-02
8.905688963184597851e-02
8.885874562655608766e-02
8.843938279830271254e-02
8.781052853298118577e-02
8.698531721127722438e-02
8.597832270948757571e-02
8.480550835813710497e-02
8.348411454398185771e-02
8.203250595933052336e-02
8.046999676440651228e-02
7.881666485293026270e-02
7.709315849085468519e-02
7.532049200644651277e-02
7.351982343218969873e-02
7.171220669866480713e-02
6.991831403736542550e-02
6.815812989607773764e-02
6.645062467640175385e-02
6.481342348718228952e-02
6.326249038027910443e-02
6.181185096160408954e-02
6.047337512486360839e-02
5.925663690553385765e-02
5.816886080876840920e-02
5.721495475426986721e-02
5.639762065739515468e-02
5.571752622829448387e-02
5.517351700298123163e-02
5.476284645283424624e-02
5.448140408039039984e-02
5.432392595445627997e-02
5.428417809470731381e-02
5.435510936049222502e-02
5.452897607665045665e-02
5.479744488605275965e-02
5.515168292772631292e-02
5.558244535738968151e-02
5.608016961241177323e-02
5.663508395288984615e-02
5.723733501817294261e-02
5.787713577771160661e-02
5.854493168679299198e-02
5.923157944241106559e-02
5.992852982399927281e-02
6.062800401814714274e-02
6.132315181878619792e-02
6.200818030992995972e-02
6.267844308151086785e-02
6.333048255201319254e-02
6.396202128987248103e-02
6.457190196161240181e-02
6.515997927943660561e-02
6.572697069742060305e-02
6.627427531923975323e-02
6.680377234795657759e-02
6.731761135954138220e-02
6.781800674159857434e-02
6.830704789823283107e-02
6.878653540751697437e-02
6.925785136769715966e-02
6.972186981891317914e-02
7.017891051198198171e-02
7.062873654889555153e-02
7.107059368299910307e-02
7.150328649359118105e-02
7.192528440144406454e-02
7.233484872732239002e-02
7.273017085351389521e-02
7.310951112622932069e-02
7.347132847256394872e-02
7.381439176681184322e-02
7.413786566352155438e-02
7.444136575593261751e-02
7.472498031869694024e-02
7.498925834440245408e-02
7.523516589398653032e-02
7.546401480027342679e-02
7.567736938969926719e-02
7.587693806650136485e-02
7.606445732159233808e-02
7.624157599419296993e-02
7.640974744678329100e-02
7.657013673206267135e-02
7.672354885215985909e-02
7.687038285823469264e-02
7.701061485279320218e-02
7.714381100737736918e-02
7.726916960350518893e-02
7.738558899274504410e-02
7.749175642909608697e-02
7.758625113742441404e-02
7.766765390936029856e-02
7.773465507815839615e-02
7.778615296168130133e-02
7.782133574333802151e-02
7.783974117588925157e-02
7.784129027976720294e-02
7.782629317813891112e-02
7.779542718415347058e-02
7.774968908318077854e-02
7.769032513402338025e-02
7.761874359728761219e-02
7.753641557412620233e-02
7.744477061126442408e-02
7.734509390332920675e-02
7.723843198732872894e-02
7.712551353913395247e-02
7.700669119477902835e-02
7.688190918244534877e-02
7.675069995035682657e-02
7.661221095992287733e-02
7.646526051063544382e-02
7.630841908013070995e-02
7.614011046062162114e-02
7.595872522310806452e-02
7.576273797173517510e-02
7.555081959788968737e-02
7.532193631934876177e-02
7.507542858027334287e-02
7.481106468077598770e-02
7.452906603881853664e-02
7.423010301030172342e-02
7.391526201428330611e-02
7.358598623082923673e-02
7.324399335784778642e-02
7.289117490386344544e-02
7.252948236106745994e-02
7.216080643076552836e-02
7.178685627564554417e-02
7.140904646487124252e-02
7.102839967501536900e-02
7.064547306688881423e-02
7.026031533775299598e-02
6.987245960798042776e-02
6.948095457245476170e-02
6.908443297680443018e-02
6.868121290955525593e-02
6.826942418619542929e-02
6.784714977100481104e-02
6.741257110639439776e-02
6.696410650371627249e-02
6.650053320990580163e-02
6.602108598281027085e-02
6.552552745461515116e-02
6.501418774355655072e-02
6.448797236346534567e-02
6.394833840011437953e-02
6.339723935223770535e-02
6.283703935258613815e-02
6.227039815587497723e-02
6.170012971006896829e-02
6.112903950627514293e-02
6.055974908587267308e-02
5.999451954172185103e-02
5.943508873295590134e-02
5.888253826137145736e-02
5.833720522529441121e-02
5.779865005619277268e-02
