1.082464715845730563e+00
1.080862688971939489e+00
1.078141371541830873e+00
1.074225731827669783e+00
1.069014583248089734e+00
1.062384659113422725e+00
1.054196100302266847e+00
1.044299439209382729e+00
1.032544075423482477e+00
1.018788099939732072e+00
1.002909140338716254e+00
9.848156836257067059e-01
9.644581114792359910e-01
9.418384900006779858e-01
9.170180348641318036e-01
8.901211644820323787e-01
8.613351887354084857e-01
8.309049673111036372e-01
7.991222889021863951e-01
7.663102211869957658e-01
7.328031954229494715e-01
6.989240574379955717e-01
6.649597100666300165e-01
6.311373190483474671e-01
5.976034492047207491e-01
5.644090739388402111e-01
5.315042429839214044e-01
4.987471530215575322e-01
4.659327899480127932e-01
4.328448177392881790e-01
3.993291129677480344e-01
3.653773015975598781e-01
3.311963068554942269e-01
2.972329627722222756e-01
2.641309985701559837e-01
2.326235999485159189e-01
2.033956455627972948e-01
1.769644510878102261e-01
1.536157399981137039e-01
1.334027859211620592e-01
1.161914918154633020e-01
1.017248045791772498e-01
8.968460513481053831e-02
7.973953552195187089e-02
7.157618200962743982e-02
6.491610331042814430e-02
5.952289560729501217e-02
5.520327656516043485e-02
5.180525765004437982e-02
4.921553770621538149e-02
4.735756351467627218e-02
4.619131270779344017e-02
4.571568303866078292e-02
4.597414304743220603e-02
4.706299959729910026e-02
4.913526759337339539e-02
5.236567016206093717e-02
5.673230329042826953e-02
6.109969054693364932e-02
6.066610461620713934e-02
4.692848107398994023e-02
2.419716929708093378e-02
8.739748926334138177e-03
2.614458270249853371e-03
1.098370249187648369e-03
1.297243279291844650e-03
2.043450232279904553e-03
2.912469306190115358e-03
3.759751117875729989e-03
4.544713543429015033e-03
5.265552228178429876e-03
5.934923598131513003e-03
6.571077978258335270e-03
7.195155201276030518e-03
7.831223808724774652e-03
8.507906080692401521e-03
9.261413676200791131e-03
1.014031614392432723e-02
1.121240973974849293e-02
1.257232361658365029e-02
1.433821037332206477e-02
1.657719298306653544e-02
1.891706631486799600e-02
1.942469928619632372e-02
1.506397566118023931e-02
8.281585349063709522e-03
3.966569970600376631e-03
2.192344615493444990e-03
1.664880011978862005e-03
1.652835685148462989e-03
1.853564834565249193e-03
2.154615022727774873e-03
2.524708753741138588e-03
2.973098237917100491e-03
3.538446215740938781e-03
4.293255250546959209e-03
5.361856707170852172e-03
6.956811459022500810e-03
9.441956905805209965e-03
1.341516761494218266e-02
1.969334071566590169e-02
2.867868058326353969e-02
3.831212629084924937e-02
4.331209538254815472e-02
4.133377359703493958e-02
3.586831455659642010e-02
3.039798014096318363e-02
2.609182135966154129e-02
2.296400785372421441e-02
2.075990527447369588e-02
1.923886159265610768e-02
1.822421254735433205e-02
1.759460682062242640e-02
1.726666735694535812e-02
1.717930425047435594e-02
1.727970112008649778e-02
1.750884119101532924e-02
1.778492988980022796e-02
1.798632717409262213e-02
1.794375038156303948e-02
1.746322355322888278e-02
1.639996038978986173e-02
1.475971769484412180e-02
1.273878720073910557e-02
1.063802685442640471e-02
8.718443307669233172e-03
7.119104808938942971e-03
5.866152780223728852e-03
4.921423926947731536e-03
4.224703373611986626e-03
3.716837972371473883e-03
3.348374174346082591e-03
3.080758137100709972e-03
2.884671674340751318e-03
2.737712837156252958e-03
2.622298942999174744e-03
2.524095695711638544e-03
2.431094780478283094e-03
2.333426767021727806e-03
2.223932144782896254e-03
2.099292181364034466e-03
1.961140159157617746e-03
1.816289677072982544e-03
1.675459984933456211e-03
1.550745605820734365e-03
1.452941337658329377e-03
1.389891344532431751e-03
1.366277445620090250e-03
1.384450719899487205e-03
1.445617232160851043e-03
1.550857218042622689e-03
1.701747630061997783e-03
1.900550236531911878e-03
2.149990765683321061e-03
2.452645623314680511e-03
2.809935052367650964e-03
3.220742923877712577e-03
3.679775431863771019e-03
4.175941388310104412e-03
4.691243573059211518e-03
5.200798125085156175e-03
5.674482506435108917e-03
6.080251826884968541e-03
6.388478200390097263e-03
6.576126748066452379e-03
6.629570067516953394e-03
6.545421366229599650e-03
6.329583058419133851e-03
5.995288205319120739e-03
5.561023659808583645e-03
5.048962306572676688e-03
4.484142153449082423e-03
3.894301934468795065e-03
3.310081113283469285e-03
2.765197623375438129e-03
2.296192418050753154e-03
1.941361876637530534e-03
1.738604180206000877e-03
1.722114772236432419e-03
1.918189514183414645e-03
2.340782648796847863e-03
2.987790706212848767e-03
3.839116327086466909e-03
4.857279198028445141e-03
5.990715324186557562e-03
7.179163129704383209e-03
8.359988081222282860e-03
9.474167919413247277e-03
1.047095316349939270e-02
1.131074504039610018e-02
1.196625139772766223e-02
1.242232209010401406e-02
1.267498460402786964e-02
1.273014704972441104e-02
1.260229110111111411e-02
1.231331289718536580e-02
1.189152900739608859e-02
1.137076747365903077e-02
1.078941738569972469e-02
1.018931502300148527e-02
9.614396278073053179e-03
9.109132288050747137e-03
8.716865718063300517e-03
8.478247653114176843e-03
8.430007933037492532e-03
8.604256404236202901e-03
9.028413935778453747e-03
9.725738846405219615e-03
1.071628712466247448e-02
1.201805837528928216e-02
1.364805012442505371e-02
1.562296674688961814e-02
1.795938881542770427e-02
2.067328537733249816e-02
2.377883312610044181e-02
2.728658864161478265e-02
3.120114407178161547e-02
3.551848359449977233e-02
4.022334248294217457e-02
4.528693830246558610e-02
5.066547255948083278e-02
5.629976724700259949e-02
6.211628902759689513e-02
6.802962841441038966e-02
7.394627153920274587e-02
7.976927839863426350e-02
8.540332088365552854e-02
9.075947981154441901e-02
9.575926574492776844e-02
1.003374918105001817e-01
1.044438406815337006e-01
1.080431777377813679e-01
1.111148243736898578e-01
1.136510970831964007e-01
1.156554389713858044e-01
1.171404359229905739e-01
1.181259415052942768e-01
1.186374535572548572e-01
1.187048070347324902e-01
1.183611818270366572e-01
1.176423758431291572e-01
1.165862643647768426e-01
1.152323561970824001e-01
1.136213638216957422e-01
1.117947254477584390e-01
1.097940468528029734e-01
1.076604641348452157e-01
1.054339583450944196e-01
1.031526736237952935e-01
1.008522982931041312e-01
9.856556280970861506e-02
9.632189203821067691e-02
9.414722662014012033e-02
9.206400467035930069e-02
9.009127536914371404e-02
8.824490338095623831e-02
8.653781866154432179e-02
8.498026966497548851e-02
8.358004759539770789e-02
8.234266288612000773e-02
8.127147004753990100e-02
8.036775101258593346e-02
7.963077802299672880e-02
7.905788331185585605e-02
7.864456338283309922e-02
7.838464045822467197e-02
7.827049353575982193e-02
7.829335825637784296e-02
7.844368089877011563e-02
7.871149992519016481e-02
7.908682087006099759e-02
7.955994837097414563e-02
8.012174301449767611e-02
8.076377949547462742e-02
8.147839462364422913e-02
8.225862684237698896e-02
8.309806114442466751e-02
8.399060303389156712e-02
8.493021157908241248e-02
8.591062433723112290e-02
8.692510621050306141e-02
8.796625062643381732e-02
8.902585548749213096e-02
9.009488880421817614e-02
9.116355050124853865e-02
9.222142823040389847e-02
9.325773679097586200e-02
9.426162357970153949e-02
9.522251696174660607e-02
9.613049105504412051e-02
9.697661945886508483e-02
9.775329198956198007e-02
9.845447228323907229e-02
9.907587968963892100e-02
9.961508552051413778e-02
1.000715206528383083e-01
1.004463979899595794e-01
1.007425587732244665e-01
1.009642558543603907e-01
1.011168896614600965e-01
1.012067137955767193e-01
1.012405271918420391e-01
1.012253688381619110e-01
1.011682294283450523e-01
1.010757922482324322e-01
1.009542132031286121e-01
1.008089472897330530e-01
1.006446260655515790e-01
1.004649878450890599e-01
1.002728595515720161e-01
1.000701865060861090e-01
9.985810409999219817e-02
9.963704343333196212e-02
9.940686174861100566e-02
9.916698792848632760e-02
9.891657346535226436e-02
9.865464007845493877e-02
9.838021640945059099e-02
9.809245778726057019e-02
9.779074472588089595e-02
9.747475743698744144e-02
9.714452508463780611e-02
9.680044972509836698e-02
9.644330586213492595e-02
9.607421735115781458e-02
9.569461406833315587e-02
9.530617138174228564e-02
9.491073605325743567e-02
9.451024275576098976e-02
9.410662586469686897e-02
9.370173150028211773e-02
9.329723487141154681e-02
9.289456773233747966e-02
9.249486017258672088e-02
9.209890003437323780e-02
9.170711205956466605e-02
9.131955752436067553e-02
9.093595376237269268e-02
9.055571174101131882e-02
9.017798884893937772e-02
8.980175333477503907e-02
8.942585641885349157e-02
8.904910794611488323e-02
8.867035149801326399e-02
8.828853506884691560e-02
8.790277368719921769e-02
8.751240070577417929e-02
8.711700490571631927e-02
8.671645110338702112e-02
8.631088265746741928e-02
8.590070518929236731e-02
8.548655195315178756e-02
8.506923257956963691e-02
8.464966826150190082e-02
8.422881771247492377e-02
8.380759922515962357e-02
8.338681473803627453e-02
8.296708186347977187e-02
8.254877930680841469e-02
8.213201006561836326e-02
8.171658537497077102e-02
8.130203073917870171e-02
8.088761375608023718e-02
8.047239195291563951e-02
8.005527761156142064e-02
7.963511559327342282e-02
7.921076945188691709e-02
7.878121059561109252e-02
7.834560487543539009e-02
7.790339073597084274e-02
7.745434301145888434e-02
7.699861668915673751e-02
7.653676562939663863e-02
7.606973245326885402e-02
7.559880765307917805e-02
7.512555840799886586e-02
7.465173041900786954e-02
7.417912899570740237e-02
7.370948821892181479e-02
7.324433883759606800e-02
7.278488629402486698e-02
7.233190974572530074e-02
7.188569123480140211e-02
7.144598153404203844e-02
7.101200610191507612e-02
7.058251145820711170e-02
7.015584950608971804e-02
6.973009506033066296e-02
6.930319009075111558e-02
6.887310680744331004e-02
6.843802049739922122e-02
6.799648181670762959e-02
6.754757702981141476e-02
6.709106363599758038e-02
6.662746829067951737e-02
6.615813440383527810e-02
6.568520878410094577e-02
6.521156054983477668e-02
6.474063127409057650e-02
6.427622252676939985e-02
6.382223468376313491e-02
6.338237778355379493e-02
6.295987995666113557e-02
