1.221667699073739177e+00
1.222373726711880604e+00
1.223525831587837454e+00
1.225087170754109112e+00
1.227006482855489411e+00
1.229218811022340763e+00
1.231646963079359169e+00
1.234204027865061004e+00
1.236797252868873320e+00
1.239333528524753980e+00
1.241726613925537848e+00
1.243906076368370472e+00
1.245827707370873894e+00
1.247484932306126337e+00
1.248920469085136764e+00
1.250237238293766318e+00
1.251607307135193192e+00
1.253277476601791784e+00
1.255569989025362432e+00
1.258876707225078162e+00
1.263644937335136165e+00
1.270352770843691248e+00
1.279471387411249550e+00
1.291411302330189637e+00
1.306449448983169948e+00
1.324635101825103467e+00
1.345676414022906053e+00
1.368817669737126153e+00
1.392731664075410603e+00
1.415470531582498470e+00
1.434534005446395977e+00
1.447110092379024326e+00
1.450500405628304845e+00
1.442658194029107444e+00
1.422677090760778196e+00
1.391040472671500883e+00
1.349520856608823038e+00
1.300771493597059347e+00
1.247778505247480796e+00
1.193364817599378069e+00
1.139865773573573993e+00
1.088998117029003732e+00
1.041877052473395349e+00
9.991155031661131947e-01
9.609503275681352541e-01
9.273613508209592737e-01
8.981676438035658405e-01
8.730972366905889182e-01
8.518318829611360998e-01
8.340293960901841164e-01
8.193236935345006300e-01
8.072967139940389059e-01
7.974038563646355104e-01
7.888068144103786983e-01
7.800017144565806193e-01
7.679672857829840105e-01
7.461608691459044040e-01
6.999143487983263690e-01
5.981659832210372008e-01
3.970806180440303312e-01
1.318334143761551447e-01
1.820974252685368016e-03
5.442456595901446620e-02
1.597466019285958549e-01
2.515437633415393837e-01
3.206331027784923293e-01
3.717183509654260476e-01
4.101842946202426399e-01
4.399671040483031925e-01
4.637090308609054801e-01
4.831618671173123492e-01
4.994933630524754364e-01
5.134820444535332928e-01
5.256304667586744195e-01
5.362191284226609511e-01
5.453077421971213035e-01
5.526708215983114902e-01
5.576213036788807420e-01
5.586054354069585060e-01
5.522897697540516404e-01
5.315115916062891355e-01
4.810767673606913819e-01
3.732845635266018314e-01
1.905069168693661608e-01
2.917573486375753256e-02
3.912146754972183060e-02
1.518399114699226227e-01
2.625192184201779466e-01
3.473082893739889432e-01
4.113358502377277293e-01
4.622573879495283644e-01
5.057528366872378056e-01
5.457765002152259459e-01
5.852655765849731351e-01
6.266663167583537142e-01
6.722645143808452239e-01
7.243251183236442126e-01
7.848892568452132679e-01
8.546584987104641762e-01
9.293386312189106935e-01
9.899445422765924540e-01
9.860479138972381152e-01
8.432432534976876948e-01
5.648762489334340220e-01
2.903642346052993095e-01
1.201417086920214261e-01
4.264132795486830912e-02
1.698974935155624783e-02
1.539855093009231610e-02
2.373764540575133003e-02
3.543714958855817554e-02
4.752406411912023232e-02
5.865346733739569551e-02
6.818373212883052648e-02
7.573455542524194783e-02
8.096311534655377395e-02
8.344672624978070885e-02
8.264364834322099340e-02
7.796384018989736819e-02
6.902269556781524817e-02
5.610997621260422480e-02
4.067222473253419984e-02
2.527460023775318643e-02
1.266791621734118453e-02
4.530306523841801103e-03
9.671678931904235379e-04
9.959356151610367861e-04
3.323090022720815578e-03
6.838920284588925411e-03
1.076586630839352320e-02
1.462095042137851776e-02
1.812688691433782598e-02
2.113181890722717199e-02
2.355245255988105621e-02
2.533860833411954658e-02
2.645414136956005663e-02
2.687061302776102417e-02
2.657199782282258088e-02
2.556920857473721567e-02
2.392107721267859241e-02
2.175348156240947475e-02
1.926341969266313556e-02
1.669646559093214758e-02
1.429886361893785603e-02
1.226320603813475796e-02
1.069324180850363820e-02
9.601090155382383667e-03
8.930422539275506555e-03
8.588775415696376508e-03
8.474990429689899935e-03
8.496197730729524236e-03
8.575240001793476424e-03
8.651924079471495430e-03
8.681341647875481099e-03
8.631453796022687738e-03
8.481126192627700539e-03
8.219083410379817226e-03
7.843760895011179721e-03
7.363656071668482454e-03
6.797476706766284599e-03
6.173238582180955517e-03
5.525642704716760521e-03
4.891662911470325177e-03
4.305132321897324477e-03
3.791773021900748161e-03
3.366105549926639694e-03
3.030949338925010249e-03
2.779228154837170769e-03
2.597103430511327887e-03
2.467341636167282547e-03
2.372144229341630831e-03
2.295121430601232415e-03
2.222440973602057487e-03
2.143355139542461787e-03
2.050336982627529950e-03
1.939004876233507224e-03
1.807936611773804146e-03
1.658401945776710740e-03
1.493992415190147430e-03
1.320108942782130534e-03
1.143285726966707713e-03
9.703789097518342351e-04
8.077128182068078971e-04
6.603256778572718505e-04
5.314617408037408328e-04
4.224073188101566288e-04
3.326817431126388963e-04
2.605074498788903709e-04
2.034302267392454030e-04
1.589542595949107223e-04
1.250868456217613090e-04
1.007325717268218069e-04
8.591672220812279553e-05
8.184284602662796569e-05
9.079974493877797695e-05
1.159343463541991781e-04
1.609061988034293604e-04
2.294425298199441053e-04
3.248229139910689743e-04
4.493389050224695907e-04
6.037918871682184524e-04
7.871042523143433056e-04
9.961165665922488283e-04
1.225621612285968109e-03
1.468646823213968881e-03
1.716949236041431142e-03
1.961646004663108490e-03
2.193881795473840400e-03
2.405437823038780211e-03
2.589212324442774320e-03
2.739538453792802510e-03
2.852340848963487701e-03
2.925157620017349372e-03
2.957066725628781402e-03
2.948555883777192761e-03
2.901367227629011308e-03
2.818336371205511486e-03
2.703234157358604551e-03
2.560610667899093727e-03
2.395636437134668773e-03
2.213935564751876982e-03
2.021409019196433558e-03
1.824052494999150878e-03
1.627779738281406700e-03
1.438267049675701070e-03
1.260835856932316203e-03
1.100386973357683155e-03
9.613929330579733734e-04
8.479453376460982690e-04
7.638447707781226021e-04
7.127136365385471507e-04
6.981085303785975046e-04
7.236087142173418859e-04
7.928604025205540466e-04
9.095619783719278810e-04
1.077382099053942775e-03
1.299810321302915682e-03
1.579947997885683105e-03
1.920255412079448741e-03
2.322278850075358732e-03
2.786387616643681842e-03
3.311554589382351057e-03
3.895213413773524792e-03
4.533219866556690777e-03
5.219934133625406605e-03
5.948425862120987687e-03
6.710787181147814806e-03
7.498523544904729839e-03
8.302981314784204855e-03
9.115766636082300520e-03
9.929113025528919084e-03
1.073616416411894356e-02
1.153115143785048147e-02
1.230946003213419584e-02
1.306759036908309440e-02
1.380303168093098554e-02
1.451407081589860260e-02
1.519956209854810870e-02
1.585868386864654547e-02
1.649070503917122316e-02
1.709478140494640266e-02
1.766979704702157511e-02
1.821426134514661857e-02
1.872626702434043028e-02
1.920350948869601823e-02
1.964336267207682230e-02
2.004300210523421791e-02
2.039956228363862603e-02
2.071031312913448538e-02
2.097283965254910509e-02
2.118520989968983304e-02
2.134611869114784802e-02
2.145499810867352100e-02
2.151208956815323439e-02
2.151847607930804443e-02
2.147607646729551151e-02
2.138760565054173210e-02
2.125650646387655315e-02
2.108685908574460879e-02
2.088327407601589178e-02
2.065077459364238893e-02
2.039467275462208962e-02
2.012044446561646674e-02
1.983360651221840326e-02
1.953959921502361474e-02
1.924367756764594137e-02
1.895081339177380822e-02
1.866561063622778835e-02
1.839223547466653161e-02
1.813436230852060599e-02
1.789513617223057948e-02
1.767715140315065728e-02
1.748244582798932564e-02
1.731250918305040840e-02
1.716830407002327072e-02
1.705029747946154930e-02
1.695850079701215554e-02
1.689251623009082465e-02
1.685158772722271728e-02
1.683465467235880850e-02
1.684040688414954398e-02
1.686733970126286231e-02
1.691380816258158254e-02
1.697807947734900763e-02
1.705838311522925657e-02
1.715295792718106796e-02
1.726009573842683664e-02
1.737818084342054176e-02
1.750572479352972485e-02
1.764139582015547200e-02
1.778404220256023932e-02
1.793270889648400715e-02
1.808664681138061683e-02
1.824531427981780987e-02
1.840837051080499581e-02
1.857566115392651762e-02
1.874719650208604010e-02
1.892312329268693374e-02
1.910369148663145639e-02
1.928921776597677593e-02
1.948004775382733422e-02
1.967651909426719470e-02
1.987892752019247006e-02
2.008749788177983595e-02
2.030236181977993631e-02
2.052354336710556296e-02
2.075095327653584884e-02
2.098439233213222899e-02
2.122356333875028214e-02
2.146809092977502997e-02
2.171754781976192178e-02
2.197148568731847884e-02
2.222946853404360670e-02
2.249110615411038100e-02
2.275608528698748120e-02
2.302419612549535047e-02
2.329535211496077535e-02
2.356960139648757446e-02
2.384712879550912601e-02
2.412824790142520034e-02
2.441338348189781710e-02
2.470304517779867148e-02
2.499779408271736794e-02
2.529820437873305655e-02
2.560482263905843048e-02
2.591812768784967566e-02
2.623849400630946793e-02
2.656616157849051377e-02
2.690121477342471631e-02
2.724357236351306749e-02
2.759299009332592464e-02
2.794907636230207701e-02
2.831132061081191933e-02
2.867913296325063505e-02
2.905189266495860831e-02
2.942900194617565496e-02
2.980994125329882935e-02
3.019432139196208051e-02
3.058192808935169399e-02
3.097275482971963839e-02
3.136702053097552290e-02
3.176516965610949594e-02
3.216785360600221688e-02
3.257589361879631440e-02
3.299022680286133741e-02
3.341183826316439925e-02
3.384168346887143908e-02
3.428060599420496013e-02
3.472925649655710795e-02
3.518801922877590194e-02
3.565695246245611377e-02
3.613574886136045050e-02
3.662372101942065750e-02
3.711981600928838942e-02
3.762266085841021318e-02
3.813063843542516956e-02
3.864199044330715593e-02
3.915494133526845055e-02
3.966783433721637886e-02
4.017926875145670651e-02
4.068822666400116750e-02
4.119417729855158472e-02
4.169714859731891987e-02
4.219775801803459653e-02
4.269719771922297902e-02
4.319717287987991095e-02
4.369979548619115639e-02
4.420743921618094235e-02
4.472256388395914883e-02
4.524752021156745047e-02
4.578434750594691238e-02
4.633457817959869135e-02
4.689906396288959223e-02
4.747783899910949096e-02
4.807003453740617271e-02
4.867385827754912991e-02
4.928664818407280795e-02
4.990500551001200713e-02
5.052500488795115541e-02
5.114247114553073514e-02
5.175330396769017849e-02
5.235382402361751092e-02
5.294110915842567544e-02
