1.116752965699435940e+00
1.115407079836462367e+00
1.113115775427155452e+00
1.109808362466545795e+00
1.105389096517291003e+00
1.099740650884109661e+00
1.092728878605820908e+00
1.084208985966704120e+00
1.074033161320137930e+00
1.062059574329716538e+00
1.048162485029780377e+00
1.032242991614153116e+00
1.014239722873027549e+00
9.941385780179096132e-01
9.719804726365472991e-01
9.478660046319553611e-01
9.219560391609888939e-01
8.944674384257432775e-01
8.656635157031355998e-01
8.358392317036279495e-01
8.053016178356123822e-01
7.743463536298346162e-01
7.432318279326457500e-01
7.121524232162451673e-01
6.812133073583708232e-01
6.504098859784763764e-01
6.196164169136862965e-01
5.885900216519236450e-01
5.569977301987177887e-01
5.244735374643439973e-01
4.907070852436471453e-01
4.555534480841822442e-01
4.191364719498082980e-01
3.819051841916660806e-01
3.446075694079911433e-01
3.081751206030177159e-01
2.735525401429488856e-01
2.415328051019479116e-01
2.126503636895494820e-01
1.871523526001863669e-01
1.650339334653512513e-01
1.461073388181866051e-01
1.300761607402258491e-01
1.165975293838668464e-01
1.053260415979286879e-01
9.594047635972179078e-02
8.815737554324530600e-02
8.173596470368933720e-02
7.647810051676988408e-02
7.222586773726948073e-02
6.885851072619662838e-02
6.628964703593424879e-02
6.446501988482390699e-02
6.335991157586666478e-02
6.297230007966637955e-02
6.329817909212180627e-02
6.424344605706877598e-02
6.532382765159637505e-02
6.475037592661415931e-02
5.771124433124211195e-02
3.919427028032761162e-02
1.847100076451589287e-02
8.669721814484596112e-03
7.231381353510985509e-03
8.711302207308502590e-03
1.074728906767497341e-02
1.264672544779036310e-02
1.427168904590139613e-02
1.564088712544509444e-02
1.680839284303335679e-02
1.782963265438005512e-02
1.875378495381633745e-02
1.962397073201603212e-02
2.047960718663451724e-02
2.135932578180639932e-02
2.230410705204197847e-02
2.336056007247016425e-02
2.458386718903831855e-02
2.603795900639883920e-02
2.778325148452137280e-02
2.981612405446894612e-02
3.183469173505663191e-02
3.248662092659759110e-02
2.814943780993036521e-02
1.646607920448847281e-02
5.435642163170397410e-03
1.173103549753374978e-03
9.808432673924709182e-04
2.107127087767016616e-03
3.492164529427359883e-03
4.839486255133982132e-03
6.105896269817425760e-03
7.329092641935082940e-03
8.577906735328259813e-03
9.944079635973069112e-03
1.155137035793451714e-02
1.357717342025602930e-02
1.628846625226651468e-02
2.009115241823964879e-02
2.555812200093135825e-02
3.325149376802528228e-02
4.276278493275858378e-02
5.064041212287709315e-02
5.127034957835498868e-02
4.446216422258109785e-02
3.563988743403491422e-02
2.834826488554450727e-02
2.315905739982927758e-02
1.962213316961004470e-02
1.722633046338798574e-02
1.560130924746280963e-02
1.450519512264240515e-02
1.378266732804147611e-02
1.333146727061895916e-02
1.307928165904381941e-02
1.296699425319261870e-02
1.293465585612988897e-02
1.290826545382244353e-02
1.278880986160829680e-02
1.245127685362121782e-02
1.176840934794590003e-02
1.066867683987428143e-02
9.202627778313824530e-03
7.551457315030132324e-03
5.945770584343016210e-03
4.560077238464814789e-03
3.467533916454142249e-03
2.660785893281533959e-03
2.093733275898150645e-03
1.712463194126264115e-03
1.469933205101897795e-03
1.330066206825746391e-03
1.267054916238681593e-03
1.263155411758198681e-03
1.306330311219497733e-03
1.388123626200550185e-03
1.501766383935991588e-03
1.640446196852693482e-03
1.795797102619993034e-03
1.956909961567348047e-03
2.110392314831501144e-03
2.241941970232157536e-03
2.339282490138524205e-03
2.395341471558209631e-03
2.410064575340035986e-03
2.389939981487437977e-03
2.345703352602917548e-03
2.289580879120619878e-03
2.233237420914033992e-03
2.186831981489220818e-03
2.158966615681157976e-03
2.157101725255860820e-03
2.188064750970591683e-03
2.258403319807078362e-03
2.374426628910250060e-03
2.541828714722969926e-03
2.764826727235854611e-03
3.044821620500881652e-03
3.378734316721739971e-03
3.757386535818693380e-03
4.164508579322631458e-03
4.577013449820701088e-03
4.966920791410710939e-03
5.304740518826793656e-03
5.563488767029329055e-03
5.722202359770737524e-03
5.768062903379146678e-03
5.696878607279200722e-03
5.512300238089424403e-03
5.224455003169053806e-03
4.848628026075064643e-03
4.404360846802020391e-03
3.915047209406004314e-03
3.407885239300467717e-03
2.913909228385486855e-03
2.467757263334327978e-03
2.106822803808313261e-03
1.869501109698735748e-03
1.792401435510936232e-03
1.906666968627045546e-03
2.233892036915507018e-03
2.782444141749194216e-03
3.545129911866021655e-03
4.498959529617081385e-03
5.607262466749825432e-03
6.823759565003178346e-03
8.097672672683140296e-03
9.378767192283362503e-03
1.062141159267174575e-02
1.178716266376567123e-02
1.284583984815001849e-02
1.377538016422428374e-02
1.456091301309248368e-02
1.519349102245113464e-02
1.566882307183825943e-02
1.598623705739280268e-02
1.614798811147195867e-02
1.615893639866913117e-02
1.602654813946201295e-02
1.576112183567016448e-02
1.537610914697727128e-02
1.488839075066208766e-02
1.431838686379907286e-02
1.368993024425971261e-02
1.302989739076239328e-02
1.236766285386291415e-02
1.173448993537747412e-02
1.116298209000045859e-02
1.068668950006927167e-02
1.033990500159080901e-02
1.015761170303917590e-02
1.017548050302491923e-02
1.042977285085357891e-02
1.095698887455873877e-02
1.179311465473647548e-02
1.297236405474315631e-02
1.452537867622336401e-02
1.647694129886888639e-02
1.884336642821622665e-02
2.162984181918673268e-02
2.482808419436447617e-02
2.841471271394739248e-02
3.235070975215838252e-02
3.658221879221548734e-02
4.104273585629147902e-02
4.565652160147533334e-02
5.034285075808712234e-02
5.502057789251021958e-02
5.961246734194790980e-02
6.404881253058912483e-02
6.827002714719219989e-02
7.222808162410392085e-02
7.588683652805928992e-02
7.922145695456835057e-02
8.221716521579433556e-02
8.486760654631927969e-02
8.717307815080897748e-02
8.913882274952351914e-02
9.077352882690276070e-02
9.208812158227336342e-02
9.309487713936318021e-02
9.380685062669676111e-02
9.423757724054801499e-02
9.440098461491353010e-02
9.431144478991061730e-02
9.398389445889242244e-02
9.343396183982512204e-02
9.267805515392749105e-02
9.173338790128501841e-02
9.061793595266817714e-02
8.935033731752776986e-02
8.794975488163012112e-02
8.643572470991255086e-02
8.482800863012013304e-02
8.314646189436167290e-02
8.141091738928098176e-02
7.964107957262053783e-02
7.785641584311329966e-02
7.607603133684748276e-02
7.431851528176200428e-02
7.260175242633597203e-02
7.094270056653800838e-02
6.935714338525830747e-02
6.785943513715511632e-02
6.646225872161283521e-02
6.517642031138892733e-02
6.401070145725669402e-02
6.297178371713270384e-02
6.206425234450533429e-02
6.129067595457547007e-02
6.065175013071269494e-02
6.014648622561644814e-02
5.977242320966824618e-02
5.952584065363183963e-02
5.940195440599724264e-02
5.939508228921680510e-02
5.949877397791414335e-02
5.970590594011830621e-02
6.000874796247522569e-02
6.039901173431061476e-02
6.086789398213232616e-02
6.140612676739855280e-02
6.200404602758555900e-02
6.265168660693019864e-02
6.333890829069285799e-02
6.405555314199712358e-02
6.479163016045584589e-02
6.553751934668386459e-02
6.628418405378085076e-02
6.702337837188719616e-02
6.774783546877809204e-02
6.845142340749130194e-02
6.912925692663800248e-02
6.977775677846127789e-02
7.039465211313214454e-02
7.097892563192584325e-02
7.153070535234803962e-02
7.205111043823365924e-02
7.254206135874276262e-02
7.300606649429598749e-02
7.344599817214396420e-02
7.386487105472384906e-02
7.426563494633030282e-02
7.465099257935031707e-02
7.502325094143164064e-02
7.538421234804697224e-02
7.573510887722137430e-02
7.607658108675770248e-02
7.640869925687387987e-02
7.673102288242193703e-02
7.704269192876790628e-02
7.734254161384503112e-02
7.762923131792809350e-02
7.790137774561475825e-02
7.815768270728938594e-02
7.839704681740213010e-02
7.861866192332127301e-02
7.882207702451149434e-02
7.900723462706477074e-02
7.917447670688229633e-02
7.932452155025990215e-02
7.945841456756605470e-02
7.957745764777859887e-02
7.968312269991242869e-02
7.977695570943395265e-02
7.986047794216308282e-02
7.993509087930261714e-02
8.000199108506721168e-02
8.006210050573407677e-02
8.011601668681553323e-02
8.016398609387492824e-02
8.020590217539011468e-02
8.024132808941702999e-02
8.026954224269157445e-02
8.028960310450518334e-02
8.030042831515342427e-02
8.030088205695364023e-02
8.028986410619121106e-02
8.026639399167971589e-02
8.022968423708898289e-02
8.017919768160614025e-02
8.011468522857605190e-02
8.003620191057005118e-02
7.994410072996875616e-02
7.983900521057679667e-02
7.972176289284006734e-02
7.959338308127696104e-02
7.945496300115309496e-02
7.930760715368367908e-02
7.915234508522828172e-02
7.899005299857049522e-02
7.882138460095046428e-02
7.864671625098641761e-02
7.846611077785295429e-02
7.827930326474577538e-02
7.808571062579013067e-02
7.788446503929961906e-02
7.767446938020010350e-02
7.745447092673334033e-02
7.722314802977793546e-02
7.697920333334426490e-02
7.672145666023907906e-02
7.644893086710909114e-02
7.616092476028080149e-02
7.585706839122503820e-02
7.553735751152330924e-02
7.520216545535368668e-02
7.485223207289520841e-02
7.448863047871481791e-02
7.411271330939603330e-02
7.372604097858319327e-02
7.333029518313072259e-02
7.292718174466619740e-02
7.251832779912947835e-02
7.210517931009224890e-02
7.168890571458057248e-02
7.127031896973769209e-02
7.084981409261256746e-02
7.042733727331948468e-02
7.000238573606026860e-02
6.957404086251965658e-02
6.914103301537423418e-02
6.870183348023652103e-02
6.825476647991632340e-02
6.779813269543485954e-02
6.733033532920225384e-02
6.685000038309851789e-02
6.635608418647542806e-02
6.584796285632392443e-02
6.532549986793241559e-02
6.478908895391440048e-02
6.423967004354294574e-02
6.367871605597262563e-02
6.310818842625319502e-02
6.253045973666498947e-02
6.194820318466004450e-02
6.136425110139996641e-02
6.078142828434991013e-02
6.020237007341652097e-02
5.962933906485951702e-02
5.906405709305267288e-02
5.850756966235762246e-02
5.796015782817930118e-02
