1.138851089293235752e+00
1.137722878540580851e+00
1.135797221959013337e+00
1.133007464623833949e+00
1.129263024030584317e+00
1.124452400035479194e+00
1.118447378833820505e+00
1.111108581093430470e+00
1.102292433998502297e+00
1.091859526025195759e+00
1.079684134639333548e+00
1.065664511441085205e+00
1.049733286679499944e+00
1.031867145268918096e+00
1.012094766426833603e+00
9.905019471633575989e-01
9.672328769225747580e-01
9.424867101271138248e-01
9.165088838942528904e-01
8.895770133244075284e-01
8.619816149853267717e-01
8.340023155893933060e-01
8.058805899383026938e-01
7.777905035791822241e-01
7.498095693928641392e-01
7.218929051483816695e-01
6.938556346360100768e-01
6.653708914137350661e-01
6.359931434456539412e-01
6.052168906185613206e-01
5.725757883853513919e-01
5.377737941382728648e-01
5.008190586398608701e-01
4.621126692950811021e-01
4.224447473976304379e-01
3.828806491297268577e-01
3.445689277664037431e-01
3.085390122979830840e-01
2.755551219853257239e-01
2.460582661825930495e-01
2.201875047699922705e-01
1.978484131158630976e-01
1.787952623640786665e-01
1.627044719008990947e-01
1.492297081196704567e-01
1.380379769947871205e-01
1.288303940714721485e-01
1.213524173439317344e-01
1.153978296619560945e-01
1.108097673892795149e-01
1.074811562428804462e-01
1.053561765417449919e-01
1.044336526293725836e-01
1.047717684681752637e-01
1.064886244680052357e-01
1.097356575490715525e-01
1.145579121383078075e-01
1.203353932767291107e-01
1.238793578340883078e-01
1.152012785663929229e-01
8.113819735657584742e-02
3.708985168092734236e-02
1.285352198937520299e-02
6.745623901538105524e-03
8.011744866486062919e-03
1.132418066301783821e-02
1.487363238133531523e-02
1.815292200358965477e-02
2.107770126619265896e-02
2.369127279651713283e-02
2.606954094308683648e-02
2.829235927356934382e-02
3.043721676822369257e-02
3.258072787086174760e-02
3.480325301460972937e-02
3.719541237159591784e-02
3.986642074402144825e-02
4.295399240508848693e-02
4.663261320849033248e-02
5.110399724277499972e-02
5.650187162016154924e-02
6.245016095741750400e-02
6.646667455114478595e-02
6.078732947766874589e-02
3.823644761096543776e-02
1.377802552913557320e-02
2.454559264252513355e-03
2.885937867838058780e-04
1.587243945166604388e-03
3.874987804702672428e-03
6.334128636496790671e-03
8.749916977133507731e-03
1.111723342313567821e-02
1.351088240102843972e-02
1.604877929454149796e-02
1.889054466755407322e-02
2.225343098281613516e-02
2.643839241794842740e-02
3.185017036576059946e-02
3.894034393972343328e-02
4.781725825014133957e-02
5.694897968380258774e-02
6.135246116355054513e-02
5.574144444135301080e-02
4.309636450562812082e-02
3.087756829171066017e-02
2.221033745626976863e-02
1.671507077252172221e-02
1.333256289968014902e-02
1.125511331355854086e-02
9.981284747550181469e-03
9.214518410181579341e-03
8.778896479293515909e-03
8.566866434069911329e-03
8.508172913527182329e-03
8.550249481478630620e-03
8.643967106031888795e-03
8.731663942599263151e-03
8.737759494609923655e-03
8.567435079855871896e-03
8.124441931391302232e-03
7.355165611536008778e-03
6.299184504938977990e-03
5.095799956665424645e-03
3.922061318582166847e-03
2.912261123200522023e-03
2.123396213409334092e-03
1.551081215858420926e-03
1.161451910931369158e-03
9.148193949794372701e-04
7.769346360058741177e-04
7.221739228570745036e-04
7.330568764511248342e-04
7.985764703301777507e-04
9.123386421094279710e-04
1.070739158285218288e-03
1.271093036806576499e-03
1.509588649908270722e-03
1.779111687024390607e-03
2.067368186478960295e-03
2.356204312400494126e-03
2.623164650314235933e-03
2.845608770274697663e-03
3.006138509543944577e-03
3.096828687397626921e-03
3.120206471892674176e-03
3.086928788163647262e-03
3.011880100305622514e-03
2.910645779314708151e-03
2.797383150745750158e-03
2.684105243249548106e-03
2.580897314997390116e-03
2.496543757000146968e-03
2.439183984847570399e-03
2.416756563087610766e-03
2.437074279367296235e-03
2.507416962122730603e-03
2.633580205337605375e-03
2.818426187825318410e-03
3.060172956666994213e-03
3.350895197134275919e-03
3.675869881277732225e-03
4.014314053083917200e-03
4.341645091847838242e-03
4.632788935646179121e-03
4.865610834132947857e-03
5.023536844957326650e-03
5.096860911788373034e-03
5.082797948169035483e-03
4.984731126841590240e-03
4.811189126318668637e-03
4.574951599201035855e-03
4.292461848773701516e-03
3.983528403612706693e-03
3.671160336591134440e-03
3.381303922259447196e-03
3.142223393922695656e-03
2.983300581180499053e-03
2.933132221454707190e-03
3.016988897416209448e-03
3.253943832671487776e-03
3.654211934492327795e-03
4.217350286576880200e-03
4.931865816257095456e-03
5.776444512112587082e-03
6.722569950323171138e-03
7.737922323685006258e-03
8.789796945020340521e-03
9.847888949810959872e-03
1.088607125145664087e-02
1.188310589563401805e-02
1.282246445896490991e-02
1.369154929393889830e-02
1.448062101249441257e-02
1.518169110256855844e-02
1.578757165666637430e-02
1.629121046179017249e-02
1.668538631148424808e-02
1.696279304473513605e-02
1.711649509338685968e-02
1.714068899311700644e-02
1.703165810218959866e-02
1.678877249728642079e-02
1.641537641795031560e-02
1.591943098787057878e-02
1.531383805415161004e-02
1.461644611688248802e-02
1.384980740125320471e-02
1.304079393085508590e-02
1.222017897035320919e-02
1.142225197413983609e-02
1.068447483618293996e-02
1.004712340963596212e-02
9.552807356971291033e-03
9.245734740022550427e-03
9.170591828692526565e-03
9.370946225597342680e-03
9.887152087443664902e-03
1.075383478439610220e-02
1.199714645394476392e-02
1.363209253411738937e-02
1.566030433402243113e-02
1.806864503148783788e-02
2.082896669914799034e-02
2.389918474037223267e-02
2.722562968244997272e-02
3.074642185943242401e-02
3.439544590629880355e-02
3.810642073722777384e-02
4.181658173817103669e-02
4.546960029446892732e-02
4.901752508989800500e-02
5.242169706057883682e-02
5.565273044469597197e-02
5.868974668973555436e-02
6.151909285526583476e-02
6.413277980515280641e-02
6.652685117194304110e-02
6.869985474883739951e-02
7.065154326932396311e-02
7.238188711072369996e-02
7.389043979429356368e-02
7.517605911954686193e-02
7.623695306189022525e-02
7.707099157179388149e-02
7.767620528579059769e-02
7.805138213474532849e-02
7.819667422421848479e-02
7.811413966408643772e-02
7.780816463170921182e-02
7.728573562793933371e-02
7.655655584315347595e-02
7.563301870764166379e-02
7.453006361950283154e-02
7.326494307882919221e-02
7.185692829297837814e-02
7.032697410293164975e-02
6.869735646107487381e-02
6.699128897380773884e-02
6.523252078830471534e-02
6.344491706068919323e-02
6.165202527049611775e-02
5.987663494180287677e-02
5.814034363090101604e-02
5.646314687775601943e-02
5.486307281199058472e-02
5.335588224016367398e-02
5.195485190411559817e-02
5.067065248556996276e-02
4.951132479573704115e-02
4.848234882789890371e-02
4.758679247192982437e-02
4.682552095455021907e-02
4.619744522827536753e-02
4.569978771266493267e-02
4.532834655592663659e-02
4.507774411640918383e-02
4.494165070394928740e-02
4.491297988530795759e-02
4.498405617489833336e-02
4.514675929746895383e-02
4.539265126630340208e-02
4.571309329757202583e-02
4.609935922271685832e-02
4.654275076929630106e-02
4.703471808714213692e-02
4.756698644970725615e-02
4.813168742922131066e-02
4.872149031876316788e-02
4.932972745353542826e-02
4.995050564673498422e-02
5.057879542121913180e-02
5.121049020298863025e-02
5.184242913094641581e-02
5.247237947672184211e-02
5.309897759060418221e-02
5.372163045664497816e-02
5.434038299973330266e-02
5.495575892741333401e-02
5.556858487499211074e-02
5.617980881530111603e-02
5.679032404851899057e-02
5.740080963278950538e-02
5.801159693587774197e-02
5.862257019609651981e-02
5.923310670815345319e-02
5.984205963719763099e-02
6.044778366238668516e-02
6.104820082149268329e-02
6.164090124430254836e-02
6.222327110625289898e-02
6.279263828238496048e-02
6.334642499123437076e-02
6.388229630190814246e-02
6.439829378618251721e-02
6.489294480618555683e-02
6.536533983436311479e-02
6.581517263568657794e-02
6.624274088656659232e-02
6.664890762817299308e-02
6.703502663441514298e-02
6.740283713438363633e-02
6.775433523393607771e-02
6.809163075203271409e-02
6.841679898910683899e-02
6.873173717203141797e-02
6.903803498442193098e-02
6.933686771128756698e-02
6.962891913006816202e-02
6.991433940759023136e-02
7.019274098388078587e-02
7.046323284898384220e-02
7.072449090507366976e-02
7.097485945399796547e-02
7.121247648776785066e-02
7.143541361366491371e-02
7.164182030906962595e-02
7.183006189881456505e-02
7.199884121376466661e-02
7.214729525838073365e-02
7.227506023349009046e-02
7.238230071255886966e-02
7.246970141389499909e-02
7.253842261841528249e-02
7.259002266660541380e-02
7.262635300251656101e-02
7.264943285005748264e-02
7.266131178577446559e-02
7.266392921288414297e-02
7.265898004148080291e-02
7.264779571838163308e-02
7.263124908377209532e-02
7.260969030869394991e-02
7.258291935427144126e-02
7.255019801040160643e-02
7.251030172216045566e-02
7.246160829879658150e-02
7.240221751400972849e-02
7.233009289034920963e-02
7.224321495133172177e-02
7.213973418581054453e-02
7.201811203437180620e-02
7.187723935187863289e-02
7.171652384446498829e-02
7.153594063037932438e-02
7.133604298972905100e-02
7.111793322723573840e-02
7.088319613370802630e-02
7.063379966774933905e-02
7.037196917341467794e-02
7.010004276703625525e-02
6.982031656068123093e-02
6.953488920300730791e-02
6.924551579327782591e-02
6.895348144124645307e-02
6.865950439714278708e-02
6.836367752219150995e-02
6.806545472400359065e-02
6.776368580367229943e-02
6.745669913323397437e-02
6.714242712305967808e-02
6.681856515356017490e-02
6.648275120189574283e-02
6.613275136272804555e-02
6.576663616595809780e-02
6.538293402189732095e-02
6.498075093044557160e-02
6.455984919265621291e-02
6.412068159609306262e-02
6.366438083409242665e-02
6.319270641186588988e-02
6.270795292823085065e-02
6.221282461433871175e-02
6.171028176034017154e-02
6.120336561338245857e-02
6.069500981521752658e-02
6.018784853139213381e-02
5.968403381712063249e-02
5.918507682523216351e-02
5.869172832119135680e-02
5.820391278139989966e-02
5.772072660295245877e-02
5.724050475057287229e-02
