1.006462345033957595e+00
1.004539403587844104e+00
1.001280095960170424e+00
9.966051910514643897e-01
9.904085946409830754e-01
9.825623316709974908e-01
9.729231099189133980e-01
9.613404810229002617e-01
9.476665129842626323e-01
9.317667372334841325e-01
9.135319401066789302e-01
8.928901505166096930e-01
8.698179617525918506e-01
8.443501552284058409e-01
8.165865128473204226e-01
7.866947546512845779e-01
7.549087471236537450e-01
7.215214964484931714e-01
6.868729388255433443e-01
6.513331042885991407e-01
6.152817810990957037e-01
5.790862688173328277e-01
5.430791339424070330e-01
5.075380769078619014e-01
4.726701397257602744e-01
4.386026098621468305e-01
4.053831390056468753e-01
3.729916525804972127e-01
3.413661118085485890e-01
3.104422661471606393e-01
2.802033099264498728e-01
2.507288901395791081e-01
2.222266559635603933e-01
1.950287041944702704e-01
1.695447897592438635e-01
1.461826801578334223e-01
1.252631211258033728e-01
1.069600186202826764e-01
9.128290643539307969e-02
7.809868425075157383e-02
6.717603111227123114e-02
5.823398133993525766e-02
5.098222458622925918e-02
4.514843698309621567e-02
4.049342667788436573e-02
3.681732353521274814e-02
3.396037893459501189e-02
3.180133130890933774e-02
3.025553475007864215e-02
2.927454868445542036e-02
2.884884373935770255e-02
2.901588262209214494e-02
2.987747263642911988e-02
3.163381540940781583e-02
3.464878012596685902e-02
3.957374747853176916e-02
4.757076251498993519e-02
6.061807648405866111e-02
8.127672114760657596e-02
1.083964796198671060e-01
1.245122314573369471e-01
1.087720549257445435e-01
7.890974702265055041e-02
5.575315594787021156e-02
4.133190766539364402e-02
3.259425189725304040e-02
2.715935900882690199e-02
2.365937761413655985e-02
2.134129578826509874e-02
1.978369319455646619e-02
1.874428583044042765e-02
1.808135454621673244e-02
1.771303176297565549e-02
1.759617350514953299e-02
1.771601254418875976e-02
1.808256440917060948e-02
1.873234103333519529e-02
1.973556307223350154e-02
2.121002383862765489e-02
2.334114342616223567e-02
2.639204125165234283e-02
3.060210308554922945e-02
3.551654491300321875e-02
3.775432987722675965e-02
3.097278474450854829e-02
1.836973545889117321e-02
9.416182926486025423e-03
5.114633680655700579e-03
3.298979093486100432e-03
2.583604458305965423e-03
2.339013123547627020e-03
2.292835083632701471e-03
2.325548898068369435e-03
2.384423870868130312e-03
2.448281140479263273e-03
2.513967997030748091e-03
2.593873413295677208e-03
2.722321702088224132e-03
2.974178154838847971e-03
3.502811196153183312e-03
4.592302693855424868e-03
6.619440636925245057e-03
9.578163535361779862e-03
1.233536906878239005e-02
1.359908984467022609e-02
1.353545269096245902e-02
1.295159748109964322e-02
1.233451223271153988e-02
1.185327563665173646e-02
1.154361720628070166e-02
1.140330316899434808e-02
1.142622688903779070e-02
1.161281427589242084e-02
1.197266298442997180e-02
1.252446599578028660e-02
1.329386618377734891e-02
1.430754308129135455e-02
1.557991117945894434e-02
1.708797410018347493e-02
1.873422742483461800e-02
2.031422615917389748e-02
2.153195361188005655e-02
2.210302081442436575e-02
2.190358467908553458e-02
2.103534688611450459e-02
1.974458070588388722e-02
1.828563549252877271e-02
1.683831908909833031e-02
1.549684739424830177e-02
1.429334906621076810e-02
1.322468143240229481e-02
1.227128792161075697e-02
1.140794429230085512e-02
1.060921905380651266e-02
9.852218951780506231e-03
9.118325980939125108e-03
8.394912577053595046e-03
7.677445959690639213e-03
6.971769801003047801e-03
6.295576644085372486e-03
5.677400439677836655e-03
5.151604724255818245e-03
4.749577072249871502e-03
4.490159194077562692e-03
4.373893442719860997e-03
4.383880450056949762e-03
4.492085412868169168e-03
4.667281338504941646e-03
4.881224889835294838e-03
5.111783035344250915e-03
5.343495708312365547e-03
5.566687182214530641e-03
5.776074564818043863e-03
5.969422965458720184e-03
6.146470666079442702e-03
6.308163270412053304e-03
6.456159503027214010e-03
6.592553405768002660e-03
6.719761981802522405e-03
6.840533463148280348e-03
6.958031011235449141e-03
7.075941287051603495e-03
7.198555972191203120e-03
7.330787284242981650e-03
7.478107414516262791e-03
7.646434138970110289e-03
7.842001548702339994e-03
8.071245773386788100e-03
8.340707253828330905e-03
8.656919422353963334e-03
9.026231070344847146e-03
9.454499951635522009e-03
9.946596901645990765e-03
1.050567262852074649e-02
1.113216732146901644e-02
1.182259345239832990e-02
1.256820002914890363e-02
1.335372793752234027e-02
1.415656844816217189e-02
1.494669574994022566e-02
1.568770218550677095e-02
1.633908112341343061e-02
1.685959368883965109e-02
1.721121816569926369e-02
1.736296224569065447e-02
1.729383679458264267e-02
1.699455357358364144e-02
1.646790190381585209e-02
1.572810920612411137e-02
1.479967058204009582e-02
1.371611523112052297e-02
1.251901872692593592e-02
1.125735657079742283e-02
9.987096694401047942e-03
8.770784974009843485e-03
7.676801895991862759e-03
6.777964332629783997e-03
6.149218338213113463e-03
5.864320854423296994e-03
5.991633426993544370e-03
6.589418444268192211e-03
7.701275487286841567e-03
9.352497354025520251e-03
1.154808481037963505e-02
1.427290673504047480e-02
1.749407547711009925e-02
2.116514410613671779e-02
2.523136634338958226e-02
2.963509796980650854e-02
3.432048697273013677e-02
3.923684426015858207e-02
4.434040859671773555e-02
4.959452280812976649e-02
5.496846350648678520e-02
6.043529729231708614e-02
6.596918760528926173e-02
7.154257525366486403e-02
7.712362540876609163e-02
8.267428577190619188e-02
8.814923383118088152e-02
9.349589827981609480e-02
9.865561556430789414e-02
1.035658323209398823e-01
1.081631078846610750e-01
1.123865398909468516e-01
1.161811643891945689e-01
1.195008929919891827e-01
1.223106446690517823e-01
1.245874857346458281e-01
1.263207684958093935e-01
1.275114144849948394e-01
1.281705910734319553e-01
1.283180683776639908e-01
1.279805229340932604e-01
1.271899936691315014e-01
1.259826158311480870e-01
1.243976784501566180e-01
1.224769832041623652e-01
1.202644338300136312e-01
1.178057574026495913e-01
1.151482512015625376e-01
1.123404593294128340e-01
1.094317085721592114e-01
1.064714688535655651e-01
1.035085443327461996e-01
1.005901399094458887e-01
9.776087769362677704e-02
9.506185330279809387e-02
9.252982001254604627e-02
9.019657089925624260e-02
8.808855978389042163e-02
8.622676780627518134e-02
8.462679092079644638e-02
8.329910012800256780e-02
8.224941392712860344e-02
8.147912167021166552e-02
8.098570544492410261e-02
8.076312377870632775e-02
8.080213941197549044e-02
8.109059240781762989e-02
8.161363623366943432e-02
8.235396606496753202e-02
8.329207397431358240e-02
8.440656416746102064e-02
8.567455315925012749e-02
8.707216588534606727e-02
8.857512134238997026e-02
9.015938332654895027e-02
9.180183637830427457e-02
9.348093697696953364e-02
9.517728722808285746e-02
9.687408322382626280e-02
9.855740193892158219e-02
1.002163067930373491e-01
1.018427701021372700e-01
1.034314278266766640e-01
1.049791961369785226e-01
1.064847890428825272e-01
1.079481812517564532e-01
1.093700608243311917e-01
1.107513128461369845e-01
1.120925691683583164e-01
1.133938512315831593e-01
1.146543238900660650e-01
1.158721686862148742e-01
1.170445757614326371e-01
1.181678450456367518e-01
1.192375800282559489e-01
1.202489517277546688e-01
1.211970068187740168e-01
1.220769924813537577e-01
1.228846714402621332e-01
1.236166036625152009e-01
1.242703758482555237e-01
1.248447655847625959e-01
1.253398331609964778e-01
1.257569399200824112e-01
1.260986971479409746e-01
1.263688535346644826e-01
1.265721320798322280e-01
1.267140289948334719e-01
1.268005878502672934e-01
1.268381621380904323e-01
1.268331787689526147e-01
1.267919139589745448e-01
1.267202915700303689e-01
1.266237122960515993e-01
1.265069201534314014e-01
1.263739105615560854e-01
1.262278819482239578e-01
1.260712303891610986e-01
1.259055844395140233e-01
1.257318752114867655e-01
1.255504350649157552e-01
1.253611171385017597e-01
1.251634274273567826e-01
1.249566611997278698e-01
1.247400361611484543e-01
1.245128157821876469e-01
1.242744174453488670e-01
1.240245013830934551e-01
1.237630376518085162e-01
1.234903495452361194e-01
1.232071328774767965e-01
1.229144514845436909e-01
1.226137101515324401e-01
1.223066070157942109e-01
1.219950683484709031e-01
1.216811694635601959e-01
1.213670462903012059e-01
1.210548027825358031e-01
1.207464197238442977e-01
1.204436705248124045e-01
1.201480492381432202e-01
1.198607152314942470e-01
1.195824578114767917e-01
1.193136826954269980e-01
1.190544207269379068e-01
1.188043577820765279e-01
1.185628835505550399e-01
1.183291558911308688e-01
1.181021767894258195e-01
1.178808755726324375e-01
1.176641949049104380e-01
1.174511751295324313e-01
1.172410326770483985e-01
1.170332284877211304e-01
1.168275227029919178e-01
1.166240123015516439e-01
1.164231489502479955e-01
1.162257351694586521e-01
1.160328980139922472e-01
1.158460408341427383e-01
1.156667752350084288e-01
1.154968369593574601e-01
1.153379908950528943e-01
1.151919315495842228e-01
1.150601859615281441e-01
1.149440260159665661e-01
1.148443964751713481e-01
1.147618638066797842e-01
1.146965892537349097e-01
1.146483277636294179e-01
1.146164525861378541e-01
1.146000037535713639e-01
1.145977573606254685e-01
1.146083115991846507e-01
1.146301848255793093e-01
1.146619204613902737e-01
1.147021931689851393e-01
1.147499104501019246e-01
1.148043036021030028e-01
1.148650019146408990e-01
1.149320842408178001e-01
1.150061027978950129e-01
1.150880753838441212e-01
1.151794441946847047e-01
1.152820020166480386e-01
1.153977895134585402e-01
1.155289702598845530e-01
1.156776926411022810e-01
1.158459493203506246e-01
1.160354453831545785e-01
1.162474854165857635e-01
1.164828878385554961e-01
1.167419321183713887e-01
1.170243415963119066e-01
1.173293018745230482e-01
1.176555125501559523e-01
1.180012685391354232e-01
1.183645663373783241e-01
1.187432300640552107e-01
1.191350517250318181e-01
1.195379395368495329e-01
1.199500671935405660e-01
1.203700156665549748e-01
1.207968977650630688e-01
1.212304547267713389e-01
1.216711141532904744e-01
1.221200001956408016e-01
1.225788903227379573e-01
1.230501181154139423e-01
1.235364276447026149e-01
