1.041640995718684293e+00
1.039832449279560755e+00
1.036764953072163209e+00
1.032360804339760518e+00
1.026515657421510186e+00
1.019103141397265766e+00
1.009980992396648070e+00
9.989987440743516300e-01
9.860069234059202214e-01
9.708675527215222534e-01
9.534655690095487079e-01
9.337205541831943290e-01
9.115979527198228016e-01
8.871187737904006054e-01
8.603666777355979400e-01
8.314913734528689426e-01
8.007074326726462132e-01
7.682879635995426559e-01
7.345530529973517408e-01
6.998534256373585283e-01
6.645503087176301005e-01
6.289929565686852575e-01
5.934956487597242702e-01
5.583162359238853512e-01
5.236385419271181174e-01
4.895612360207345914e-01
4.560962097317998176e-01
4.231798760117766456e-01
3.907006031342806773e-01
3.585436491129997960e-01
3.266502256885828737e-01
2.950794093997720080e-01
2.640530854822024653e-01
2.339612008189585202e-01
2.053140607898742143e-01
1.786500840662166023e-01
1.544297603071112246e-01
1.329536573920351850e-01
1.143287251050417175e-01
9.848338442794166148e-02
8.521393094172290128e-02
7.424031851071734300e-02
6.525526284076965666e-02
5.795951064179922368e-02
5.208296777637998892e-02
4.739479309389729722e-02
4.370636625373866546e-02
4.087053285883822384e-02
3.877968203629000160e-02
3.736452801683189107e-02
3.659516534576129354e-02
3.648616634497937189e-02
3.710836070465670794e-02
3.861179691685678872e-02
4.126755666871303324e-02
4.553932990671939046e-02
5.218630665140056718e-02
6.229962944281702830e-02
7.661204622824591137e-02
9.155116327889267769e-02
9.221638099609311134e-02
6.966286542384543534e-02
4.369499397604521829e-02
2.714384641922026192e-02
1.824911490133816067e-02
1.354582505987586560e-02
1.099748934671975278e-02
9.584512875884148089e-03
8.799681552216508801e-03
8.383079042540604597e-03
8.197407829281416411e-03
8.169299374478449643e-03
8.261022660147188459e-03
8.456716072502592010e-03
8.756092092555987222e-03
9.172561255492872601e-03
9.734704428241270843e-03
1.049119655709901747e-02
1.151998898514211903e-02
1.294171583700015962e-02
1.492787626736497703e-02
1.764185471229187674e-02
2.082796770795193250e-02
2.241016714788608352e-02
1.837897180544884393e-02
1.058301140878038435e-02
4.945149394730663332e-03
2.178417868783442523e-03
9.636264802904182013e-04
4.394421981529034399e-04
2.107614002450012148e-04
1.061365041131033543e-04
5.189028118400212746e-05
1.963818287647230769e-05
6.654779658173313861e-06
3.227940175714869492e-05
1.462058292326519728e-04
4.523931549677787252e-04
1.160153723437288079e-03
2.678314918005659118e-03
5.726273682661705416e-03
1.116694512267512110e-02
1.870624865441206791e-02
2.518671006399058471e-02
2.750354822204690783e-02
2.647965024641788997e-02
2.431697257706192869e-02
2.221428638845572220e-02
2.052743781557736166e-02
1.928561399944164409e-02
1.843386665386052489e-02
1.791181398492018573e-02
1.767298720770004578e-02
1.768595435568285842e-02
1.792994290524588252e-02
1.838765380444643688e-02
1.903436179314975732e-02
1.982125651946731876e-02
2.065261285028990521e-02
2.136403609322801503e-02
2.172488539488490883e-02
2.149883928645447348e-02
2.056353060729821519e-02
1.900611446356019474e-02
1.709007536816492534e-02
1.511446371683603483e-02
1.329346263628223591e-02
1.172600039013925455e-02
1.042601614637727291e-02
9.363539602440976162e-03
8.493377918151653536e-03
7.769758806521250699e-03
7.151969472585863880e-03
6.605586120327832864e-03
6.102076910408598884e-03
5.618230452603293484e-03
5.136141500860302335e-03
4.644091583844174760e-03
4.138292810906677756e-03
3.624905333206520849e-03
3.121025959931559082e-03
2.652969229599264761e-03
2.250937679032900818e-03
1.941305331779288228e-03
1.739806965106760776e-03
1.648819253078623315e-03
1.659413191032184853e-03
1.756208230838720956e-03
1.922329553893191694e-03
2.142793567705046642e-03
2.406007913940052048e-03
2.703845511195918355e-03
3.030894876091306395e-03
3.383326720244602542e-03
3.757617208766555680e-03
4.149247200720417722e-03
4.551474996006612921e-03
4.954338823382874006e-03
5.344142813430007889e-03
5.703745532357106830e-03
6.013907374646287711e-03
6.255689160821237445e-03
6.413467956202165143e-03
6.477751796920071074e-03
6.446910695971228705e-03
6.327320122647320244e-03
6.132048801694761110e-03
5.878740978900719519e-03
5.587482138404040351e-03
5.279217419204601698e-03
4.974924982859537173e-03
4.695434417184692240e-03
4.461606455672957605e-03
4.294537589083414174e-03
4.215471132268213891e-03
4.245150858327250906e-03
4.402441018938770684e-03
4.702174735994237714e-03
5.152396552517317548e-03
5.751419526231009959e-03
6.485356268390674549e-03
7.326893458342746690e-03
8.235948098642699791e-03
9.162439688934518461e-03
1.005084512008963017e-02
1.084569775901417926e-02
1.149697071980658632e-02
1.196443017106197000e-02
1.222045812124334697e-02
1.225131902365225040e-02
1.205719459493255832e-02
1.165145329304854115e-02
1.105957624141240721e-02
1.031800617771044641e-02
9.472999913774711456e-03
8.579404770256662816e-03
7.699177777745442458e-03
6.899439323425335391e-03
6.249907243458535308e-03
5.819689920707178318e-03
5.673607588385821618e-03
5.868416178404874638e-03
6.449463500847274142e-03
7.448346427500176538e-03
8.882020014382919354e-03
1.075354816021515530e-02
1.305435104539702865e-02
1.576749983041146955e-02
1.887142445063913834e-02
2.234337682423133756e-02
2.616211068858133315e-02
3.030944123533138926e-02
3.477056534034846796e-02
3.953320786663554187e-02
4.458579168452844743e-02
4.991491304980050225e-02
5.550245520207182370e-02
6.132270512575073440e-02
6.733985508950868226e-02
7.350626378296075403e-02
7.976180579406756677e-02
8.603453789737823543e-02
9.224275260114869757e-02
9.829828959558649382e-02
1.041107707790918657e-01
1.095922631490288263e-01
1.146618004699355570e-01
1.192492319185218391e-01
1.232980046915758826e-01
1.267666897549327432e-01
1.296292728513216419e-01
1.318744079646069212e-01
1.335039373739577151e-01
1.345310141611156252e-01
1.349781316163736200e-01
1.348752916923307565e-01
1.342584550515308062e-01
1.331683273883408347e-01
1.316494629973877228e-01
1.297496134400018264e-01
1.275192188479293276e-01
1.250109315543187494e-01
1.222790742985900431e-01
1.193789645288393514e-01
1.163660767809943236e-01
1.132950594223284813e-01
1.102186619110218230e-01
1.071866564450789788e-01
1.042448482237298274e-01
1.014342601927159665e-01
9.879055401016906268e-02
9.634371528578089539e-02
9.411799560135432341e-02
9.213207348944943420e-02
9.039937632238606580e-02
8.892849699572577538e-02
8.772364279824920730e-02
8.678506650218818785e-02
8.610944809207611572e-02
8.569021609352497904e-02
8.551781686630928470e-02
8.557995572482401947e-02
8.586184324836874937e-02
8.634648235249958725e-02
8.701502629365463759e-02
8.784722558622301558e-02
8.882196480302079200e-02
8.991787135204540315e-02
9.111396101347260523e-02
9.239027253663610606e-02
9.372843830042802693e-02
9.511214087957706176e-02
9.652741569615413963e-02
9.796277578302589606e-02
9.940915325408616887e-02
1.008596704448246895e-01
1.023092693969207684e-01
1.037542397796608201e-01
1.051916917586320915e-01
1.066190218213497604e-01
1.080334167740827078e-01
1.094314349277666076e-01
1.108086948444691605e-01
1.121596918078482663e-01
1.134777512052184689e-01
1.147551169886836669e-01
1.159831630116944928e-01
1.171527059984339009e-01
1.182543918473293459e-01
1.192791224490814816e-01
1.202184885756547583e-01
1.210651757531875233e-01
1.218133141240566319e-01
1.224587495707097212e-01
1.229992210190177793e-01
1.234344369584227663e-01
1.237660519499493711e-01
1.239975505550715285e-01
1.241340512779144228e-01
1.241820466141351220e-01
1.241490972206533983e-01
1.240434987962999724e-01
1.238739397948815935e-01
1.236491668656639481e-01
1.233776731532354870e-01
1.230674224287043456e-01
1.227256195388667787e-01
1.223585348873935386e-01
1.219713876469316755e-01
1.215682892281997329e-01
1.211522453428038465e-01
1.207252119824955561e-01
1.202881980159060810e-01
1.198414050777217715e-01
1.193843941437739975e-01
1.189162677113622668e-01
1.184358568004130335e-01
1.179419029293885812e-01
1.174332266082889070e-01
1.169088755144883918e-01
1.163682471794215273e-01
1.158111825723903143e-01
1.152380283509492620e-01
1.146496667561634902e-01
1.140475132211277859e-01
1.134334828142176399e-01
1.128099277293229258e-01
1.121795492018166224e-01
1.115452884528013028e-01
1.109102024653690066e-01
1.102773314448402958e-01
1.096495655546220471e-01
1.090295188037968127e-01
1.084194176892694927e-01
1.078210113335632270e-01
1.072355084628561495e-01
1.066635447704137873e-01
1.061051821941785545e-01
1.055599396081128294e-01
1.050268525690612742e-01
1.045045582074382584e-01
1.039914001667792132e-01
1.034855476843657418e-01
1.029851224150941519e-01
1.024883263652333620e-01
1.019935642622963601e-01
1.014995538146927084e-01
1.010054176270075016e-01
1.005107510915695529e-01
1.000156614562555391e-01
9.952077454939302348e-02
9.902720736393967604e-02
9.853650683422175705e-02
9.805055755973739184e-02
9.757146373276845419e-02
9.710141283402527745e-02
9.664253047556582710e-02
9.619673683026579158e-02
9.576561522196780363e-02
9.535030262132732082e-02
9.495141010289838424e-02
9.456897899189724288e-02
9.420247575604244472e-02
9.385082597616339894e-02
9.351248520342343717e-02
9.318554233519563135e-02
9.286784937049395727e-02
9.255717001433942659e-02
9.225133852336109275e-02
9.194841936507786029e-02
9.164685769413927208e-02
9.134561040066595250e-02
9.104424770672293887e-02
9.074301617532727626e-02
9.044285574566278407e-02
9.014536613421525457e-02
8.985272160901222605e-02
8.956753751448771894e-02
8.929269655096189195e-02
8.903114709440337893e-02
8.878568913655804362e-02
8.855876519288045923e-02
8.835227346339320775e-02
8.816741865452444593e-02
8.800461250645014166e-02
8.786343177331300269e-02
8.774263680511758257e-02
8.764024953768173587e-02
8.755368597700195765e-02
8.747993529196090856e-02
8.741577531426947267e-02
8.735801236301872497e-02
8.730373162521780361e-02
8.725054269991608380e-02
8.719680342404868834e-02
8.714180406626141628e-02
8.708589395313702519e-02
8.703053424728798837e-02
8.697826451216415788e-02
8.693257712619567590e-02
8.689770224550225075e-02
8.687831589689437584e-02
8.687919338916731682e-02
