1.158577484081559250e+00
1.157689426593547788e+00
1.156166247482797171e+00
1.153944406094878250e+00
1.150937253030001495e+00
1.147037638324267528e+00
1.142121635295958892e+00
1.136053558376022510e+00
1.128692389866534640e+00
1.119899616383933871e+00
1.109548312658805047e+00
1.097533107514718997e+00
1.083780442321067738e+00
1.068258313542477245e+00
1.050984513210702520e+00
1.032032281456650935e+00
1.011532294718503477e+00
9.896700470896355739e-01
9.666779323312184591e-01
9.428216679005733125e-01
9.183810727623917813e-01
8.936255778447099729e-01
8.687852123172121743e-01
8.440182503958231219e-01
8.193774141527397914e-01
7.947778116317012476e-01
7.699719743167227071e-01
7.445405286584171334e-01
7.179104965797724613e-01
6.894147609775695962e-01
6.584018199379827463e-01
6.243902348962382387e-01
5.872371240547868965e-01
5.472649160666301915e-01
5.052855436972247816e-01
4.624920797433255681e-01
4.202452222273823645e-01
3.798302961505499731e-01
3.422664993602225758e-01
3.082141888771064431e-01
2.779779239527315204e-01
2.515720545134516595e-01
2.288100567557001808e-01
2.093894609232831716e-01
1.929586494628394433e-01
1.791627302724768389e-01
1.676714706438908464e-01
1.581941606389219435e-01
1.504860443227569178e-01
1.443499109680051740e-01
1.396352289175785411e-01
1.362359591027222649e-01
1.340865226357602913e-01
1.331520121499756570e-01
1.333997452830965880e-01
1.347127058891799678e-01
1.366242159467283279e-01
1.375159737423679029e-01
1.324460713934202949e-01
1.099811639766895832e-01
6.206652083830649369e-02
1.626033575369907266e-02
3.646983655627061881e-04
3.212849762454463975e-03
1.106337017943071280e-02
1.889200268704863128e-02
2.558385502125032698e-02
3.113537622393989027e-02
3.577897379270715550e-02
3.975503471178050419e-02
4.326564340617917309e-02
4.647526909647534121e-02
4.952166527825540426e-02
5.252771111217872241e-02
5.561256216797764995e-02
5.890248111540961201e-02
6.254187738580786748e-02
6.670369545567456093e-02
7.159260705336596697e-02
7.741335566847987182e-02
8.419906768771326377e-02
9.112377220814257828e-02
9.423928395157740723e-02
8.262232545668929395e-02
4.850259113674671579e-02
1.531817947433326138e-02
2.109164269494438661e-03
1.301172897272270335e-03
4.656301853374429124e-03
8.908276389768009229e-03
1.309528494772201068e-02
1.703157274445752170e-02
2.077611715613492810e-02
2.446823859900718393e-02
2.828405504090712383e-02
3.243408364734270966e-02
3.717542485734056518e-02
4.282269576378436998e-02
4.972274823690879531e-02
5.807843390438534315e-02
6.729553395273650540e-02
7.436868629054609048e-02
7.273844384538649677e-02
5.840689952224331627e-02
3.871804861416003329e-02
2.310514762013844356e-02
1.359046370192341056e-02
8.408976492875827255e-03
5.736863366620080680e-03
4.438221682527792970e-03
3.888521500660474268e-03
3.753261080045033025e-03
3.851918567478151024e-03
4.084587455322991750e-03
4.392740100155745689e-03
4.736927224665803474e-03
5.082299768128155024e-03
5.387577689510669211e-03
5.596824566351385304e-03
5.638016851373547217e-03
5.437140462340428991e-03
4.953585086242321377e-03
4.221081919039949837e-03
3.353507867198648323e-03
2.495475440192390388e-03
1.757563690449723184e-03
1.188214478400115032e-03
7.862667308228453661e-04
5.265567160936766161e-04
3.790220463354622860e-04
3.178816423052666464e-04
3.243060549921557485e-04
3.861069645938803490e-04
4.964274375442223391e-04
6.522131712847505005e-04
8.526092671416164942e-04
1.097162056160348341e-03
1.383677262849585888e-03
1.705781821034193721e-03
2.050682077105470298e-03
2.398183656063761823e-03
2.722270481848518275e-03
2.995766053294216229e-03
3.196764548585643868e-03
3.313922207121212937e-03
3.348059634225185408e-03
3.309805403343302633e-03
3.215174259545332171e-03
3.081386972695563178e-03
2.924226520795593972e-03
2.757044818545668040e-03
2.590917016998893485e-03
2.435358165169095295e-03
2.299167558887834414e-03
2.191128142422764640e-03
2.120383998110630594e-03
2.096358007604064502e-03
2.128100345959878757e-03
2.223032710085056946e-03
2.385216316075587911e-03
2.613516810597992131e-03
2.900270168460972534e-03
3.231096481649812190e-03
3.586223103130376563e-03
3.943119987960150459e-03
4.279708636226013836e-03
4.577213651588659879e-03
4.821980969060500263e-03
5.006085392059733165e-03
5.126984003624087370e-03
5.186663090962401884e-03
5.190687782087833983e-03
5.147408835270639998e-03
5.067415063353077585e-03
4.963194978820758586e-03
4.848896420915080677e-03
4.740040115158814828e-03
4.653046086695574422e-03
4.604471850732439094e-03
4.609941566667534289e-03
4.682859007737578960e-03
4.833116273919275431e-03
5.066086307257809500e-03
5.382171850826428239e-03
5.777060337455769586e-03
6.242641067288228103e-03
6.768356887210151378e-03
7.342663403769290713e-03
7.954284190613053820e-03
8.593053713459142262e-03
9.250273382461421737e-03
9.918618684795958360e-03
1.059170238031831128e-02
1.126342265819685849e-02
1.192722233854746038e-02
1.257537287860562014e-02
1.319838560828552783e-02
1.378464419357082124e-02
1.432034183429198131e-02
1.478978583849570663e-02
1.517609396564803363e-02
1.546225044885895204e-02
1.563242359283285518e-02
1.567338900180778594e-02
1.557587360135529418e-02
1.533564984940899607e-02
1.495426598315892017e-02
1.443937920344648927e-02
1.380473708582642157e-02
1.306990325902744610e-02
1.225983380332969740e-02
1.140438346260066148e-02
1.053776954009573268e-02
9.697964465618045746e-03
8.925942055650360266e-03
8.264679507484658932e-03
7.757824337432395363e-03
7.447975364475892951e-03
7.374597021027935566e-03
7.571677926497970106e-03
8.065341334895359884e-03
8.871693424217744206e-03
9.995229578361648076e-03
1.142808848744951596e-02
1.315034348760296505e-02
1.513136525457682222e-02
1.733211417902261187e-02
1.970806808308901009e-02
2.221239918084329593e-02
2.479900224879270226e-02
2.742503878627362487e-02
3.005277505417223646e-02
3.265062246661854656e-02
3.519340735915344603e-02
3.766198500133171451e-02
4.004236379328455359e-02
4.232452361666497187e-02
4.450110607111712469e-02
4.656613322586375392e-02
4.851388283061051215e-02
5.033801590256829772e-02
5.203101897348082899e-02
5.358398857503767626e-02
5.498675049742217380e-02
5.622827287114389588e-02
5.729730342858092851e-02
5.818314128793878465e-02
5.887644555833161653e-02
5.936998837630510367e-02
5.965927736665952580e-02
5.974299815785617113e-02
5.962325614004203300e-02
5.930562275290810620e-02
5.879901116821923540e-02
5.811541732898285739e-02
5.726956512526525794e-02
5.627849085477604901e-02
5.516109468023351614e-02
5.393767823587106852e-02
5.262948000945553984e-02
5.125821498711002899e-02
4.984562279933946183e-02
4.841302900931716141e-02
4.698092644930751405e-02
4.556858652824651024e-02
4.419371301888998238e-02
4.287215197010306456e-02
4.161767043720741160e-02
4.044181354590743738e-02
3.935384439432700748e-02
3.836076526374617574e-02
3.746741257370768408e-02
3.667661296352005967e-02
3.598938453211183996e-02
3.540516595474462597e-02
3.492205684878228050e-02
3.453705499649122046e-02
3.424627929286599287e-02
3.404517098638563943e-02
3.392866941912619366e-02
3.389136168641326829e-02
3.392760820388718290e-02
3.403164798391758450e-02
3.419768845159078946e-02
3.441998488610479440e-02
3.469291410218530020e-02
3.501104587139025615e-02
3.536921395943910806e-02
3.576258671953871232e-02
3.618673518822492635e-02
3.663769486959329164e-02
3.711201614895356937e-02
3.760679777273052971e-02
3.811969818850404618e-02
3.864892074674069339e-02
3.919317068200777604e-02
3.975158417030462410e-02
4.032363229735294596e-02
4.090900516284495109e-02
4.150748332266690488e-02
4.211880514276713366e-02
4.274253929676731512e-02
4.337797155609712796e-02
4.402401423184731932e-02
4.467914521267643546e-02
4.534138161359896335e-02
4.600829073634129379e-02
4.667703848809995337e-02
4.734447277089598449e-02
4.800723681042917690e-02
4.866190512264536444e-02
4.930513299862198523e-02
4.993380918756395309e-02
5.054520100024199186e-02
5.113708140986534395e-02
5.170782888936073518e-02
5.225649260888854536e-02
5.278281806779090701e-02
5.328723103980345654e-02
5.377078063214974640e-02
5.423504506567864564e-02
5.468200627334308950e-02
5.511390143513457407e-02
5.553306101947941276e-02
5.594174373230084013e-02
5.634197896946056133e-02
5.673542693314585078e-02
5.712326552955990927e-02
5.750611154934691382e-02
5.788398149936530013e-02
5.825629489265606031e-02
5.862191994393957384e-02
5.897925864024696624e-02
5.932636528245762569e-02
5.966109006966217182e-02
5.998123736492580460e-02
6.028472713779938624e-02
6.056974785117550525e-02
6.083488977568510259e-02
6.107924929722113871e-02
6.130249706304048002e-02
6.150490555545350818e-02
6.168733462909978260e-02
6.185117645101462919e-02
6.199826393927476698e-02
6.213074906479134490e-02
6.225095918234392622e-02
6.236124085892544300e-02
6.246380146103207298e-02
6.256055903835038012e-02
6.265301077326476675e-02
6.274212940946341521e-02
6.282829558134971071e-02
6.291127181797556700e-02
6.299022123164679798e-02
6.306377065475053667e-02
6.313011449560546051e-02
6.318715217226623937e-02
6.323264902763853224e-02
6.326440849016619350e-02
6.328044219754290489e-02
6.327912497999299557e-02
6.325932296763002449e-02
6.322048544385117097e-02
6.316269409616993846e-02
6.308666664922002454e-02
6.299371515615255490e-02
6.288566221049260441e-02
6.276472087046627846e-02
6.263334612337059792e-02
6.249406729879264377e-02
6.234931203178011722e-02
6.220123321306298553e-02
6.205155079834732967e-02
6.190142024430256296e-02
6.175133848687121979e-02
6.160109656239850379e-02
6.144978506067448609e-02
6.129585463275357554e-02
6.113722903283699134e-02
6.097146316742418221e-02
6.079593403487774939e-02
6.060804896858855428e-02
6.040545380944114390e-02
6.018622380539557365e-02
5.994902208510995839e-02
5.969321405944413850e-02
5.941893042564440341e-02
5.912707588153318095e-02
5.881928461057279317e-02
5.849782672036996783e-02
5.816547204475360638e-02
5.782531925105266479e-02
5.748059938781283074e-02
5.713446423750848102e-02
5.678977133570053959e-02
5.644887924441958915e-02
5.611346825312300141e-02
5.578440246373868316e-02
5.546164840451333483e-02
5.514426224830273893e-02
5.483045214801026551e-02
5.451771455839461017e-02
