1.091627354774138192e+00
1.090085445189582725e+00
1.087464956032821339e+00
1.083691725890268520e+00
1.078665632683332820e+00
1.072264523415131121e+00
1.064349528327904304e+00
1.054771852723460412e+00
1.043381054194850055e+00
1.030034676627067380e+00
1.014608929772150558e+00
9.970098883270555046e-01
9.771844617277045675e-01
9.551301900966320257e-01
9.309027945354683142e-01
9.046203924403585228e-01
8.764634113480888056e-01
8.466695072799057531e-01
8.155231963433392517e-01
7.833403941659247138e-01
7.504485625480380451e-01
7.171636276212172145e-01
6.837652329460128797e-01
6.504722572124489455e-01
6.174209611846959156e-01
5.846487776540310044e-01
5.520877199964603355e-01
5.195725192724842678e-01
4.868692315385545477e-01
4.537287160857169099e-01
4.199640264340432916e-01
3.855401641790333622e-01
3.506511958606352009e-01
3.157514819997571109e-01
2.815154163723282421e-01
2.487269445831682690e-01
2.181334416276499988e-01
1.903156879883691199e-01
1.656143605193702295e-01
1.441234913057367339e-01
1.257341135864252224e-01
1.102003873863517391e-01
9.720473234075679980e-02
8.640910473469995412e-02
7.748907900861805309e-02
7.015294981813716135e-02
6.415005995440881126e-02
5.927246081012679801e-02
5.535309793737949041e-02
5.226271415381664176e-02
4.990686958585623806e-02
4.822392849952777255e-02
4.718443117501370382e-02
4.679158036249496389e-02
4.708045953346409046e-02
4.810603992819822289e-02
4.988262213843457082e-02
5.214120750451861630e-02
5.349742687003297692e-02
4.958232656490218354e-02
3.455431273062316289e-02
1.501154598811609009e-02
4.043223684858410737e-03
1.025762984738094394e-03
1.276943234444448448e-03
2.453801661018508405e-03
3.751683298438661818e-03
4.939383553598906615e-03
5.973358389813274334e-03
6.867305009462873824e-03
7.649717498327148098e-03
8.350765147314382492e-03
8.999061931182182617e-03
9.621863640231567011e-03
1.024657880523771949e-02
1.090301463987766034e-02
1.162636348680407862e-02
1.246110726337850208e-02
1.346558871660630437e-02
1.471429953372133982e-02
1.628265422809246563e-02
1.814839118006282559e-02
1.977968153940907331e-02
1.915285509551115789e-02
1.381505042608000521e-02
7.072258768248628445e-03
3.380778276406410862e-03
2.200659837304924822e-03
2.106575289217336566e-03
2.401485444027489768e-03
2.828917674046675917e-03
3.309712474477881274e-03
3.835186136080630682e-03
4.430934056071957061e-03
5.148986031006310728e-03
6.074468114794688046e-03
7.345103970923710750e-03
9.188158533688890045e-03
1.198122161378217636e-02
1.632354407381600078e-02
2.298370295528926952e-02
3.218357987600075493e-02
4.152042948280624396e-02
4.557089043140338802e-02
4.245245047516831710e-02
3.614054964540325265e-02
3.017473711444737874e-02
2.560200150091340027e-02
2.233041803924127461e-02
2.004329240715201771e-02
1.846697130625975583e-02
1.740721380307012900e-02
1.673279687429925916e-02
1.635424945963009566e-02
1.620626211478653697e-02
1.623290307363747104e-02
1.637319199487520180e-02
1.654540823369017588e-02
1.663185491472088037e-02
1.647351439037298901e-02
1.589439053567497789e-02
1.477238719772023048e-02
1.313128913426979058e-02
1.117007517044268407e-02
9.175027767820392866e-03
7.384357131925264363e-03
5.917085952251914353e-03
4.787149084475045974e-03
3.951444937813988929e-03
3.349463396249916566e-03
2.924071392535077234e-03
2.628722380305837606e-03
2.427948529027953908e-03
2.295401198618202045e-03
2.211415080696322016e-03
2.160824894939644084e-03
2.131243726456869166e-03
2.111869910562691379e-03
2.092907674020060005e-03
2.065717518935560222e-03
2.023717233068235248e-03
1.963743809695168985e-03
1.887173983259454344e-03
1.799977002000437056e-03
1.711376020365929559e-03
1.631667610336361802e-03
1.570237306893540463e-03
1.534519579480921178e-03
1.529973929593596120e-03
1.560682332206527346e-03
1.630105026574652383e-03
1.741684752993940275e-03
1.899153341670244610e-03
2.106482865144906468e-03
2.367446997437239620e-03
2.684761011035338360e-03
3.058796860095419276e-03
3.485960666624343587e-03
3.956990330540492186e-03
4.455649255598628962e-03
4.958450068088669782e-03
5.435971245283087623e-03
5.855908557708082787e-03
6.187320884693267055e-03
6.404937329804515599e-03
6.492294255027599749e-03
6.442977035798088357e-03
6.260041059023688757e-03
5.954306381075458870e-03
5.542394249144931215e-03
5.045161777231865936e-03
4.486822771318051649e-03
3.894712241538379836e-03
3.299436378608404385e-03
2.735039149061493056e-03
2.238778277959100910e-03
1.850123311954411480e-03
1.608682570493655739e-03
1.550965112559922390e-03
1.706201351768921572e-03
2.091836375525575175e-03
2.709647554842134834e-03
3.543545570641431618e-03
4.559860171374373675e-03
5.710307356169955044e-03
6.937094994562762428e-03
8.179059416453358586e-03
9.377565505866027051e-03
1.048116598274736327e-02
1.144852585812418735e-02
1.224963524553418330e-02
1.286568600971583175e-02
1.328812440035912271e-02
1.351735571192177673e-02
1.356144652839569482e-02
1.343501439710569068e-02
1.315835643789787547e-02
1.275676640422995778e-02
1.225992960144077666e-02
1.170126733759028169e-02
1.111712572013105749e-02
1.054576218208456984e-02
1.002616401979986374e-02
9.596814326482239199e-03
9.294575177484092759e-03
9.153863927842426085e-03
9.206249549539061508e-03
9.480505333559915981e-03
1.000304976482889636e-02
1.079861898498982696e-02
1.189096238569830460e-02
1.330334303590988837e-02
1.505865026373322431e-02
1.717898141955389105e-02
1.968461426462615391e-02
2.259236616064120087e-02
2.591342056050372281e-02
2.965079402720104465e-02
3.379671169365817962e-02
3.833024089598339318e-02
4.321557898163836536e-02
4.840137686406802836e-02
5.382138687911173364e-02
5.939655222157142617e-02
6.503843110675384953e-02
7.065361987330591453e-02
7.614866293018456023e-02
8.143486061443719337e-02
8.643242741286849551e-02
9.107359664272211830e-02
9.530447034951163021e-02
9.908562153112585036e-02
1.023916246229705368e-01
1.052097939600966370e-01
1.075384448543819232e-01
1.093849703612324725e-01
1.107639687683184410e-01
1.116955824287594878e-01
1.122041335552142333e-01
1.123170771427690340e-01
1.120642406295820209e-01
1.114772863062047092e-01
1.105893159990653379e-01
1.094345370916219029e-01
1.080479222414213319e-01
1.064648185740369318e-01
1.047204907195067314e-01
1.028496100442980454e-01
1.008857243312232255e-01
9.886075400025581827e-02
9.680456124272529550e-02
9.474462837520257474e-02
9.270586469254055162e-02
9.071054156408521474e-02
8.877833776941222721e-02
8.692646431332209933e-02
8.516983186301053943e-02
8.352122468208754424e-02
8.199145150240290392e-02
8.058945445249059147e-02
7.932236988375256093e-02
7.819554757540002343e-02
7.721254537831799547e-02
7.637512323267339753e-02
7.568326255448543094e-02
7.513523385782820696e-02
7.472772766459742644e-02
7.445605263487510561e-02
7.431439249120976032e-02
7.429610206135960071e-02
7.439401476280535497e-02
7.460073054670145198e-02
7.490885516909781550e-02
7.531116809740323603e-02
7.580070601695511334e-02
7.637075998198167293e-02
7.701479496435524597e-02
7.772630943889748123e-02
7.849865877626813204e-02
7.932486921354661713e-02
8.019746911540599765e-02
8.110836151248991543e-02
8.204875706193932861e-02
8.300918023315261018e-02
8.397955430050241254e-02
8.494936323290136482e-02
8.590788140500975334e-02
8.684445579596912490e-02
8.774882052325408410e-02
8.861142061922365476e-02
8.942372117127710129e-02
9.017847936596544434e-02
9.086996040269607056e-02
9.149408323499390316e-02
9.204848804243977167e-02
9.253252354430623050e-02
9.294715808262490886e-02
9.329482330743396612e-02
9.357920296352813250e-02
9.380498158708884537e-02
9.397756893175375492e-02
9.410281583842081132e-02
9.418673627860850439e-02
9.423524867338992084e-02
9.425394751633693613e-02
9.424791395600219668e-02
9.422157142462697643e-02
9.417858971632694920e-02
9.412183820327996164e-02
9.405338623585365876e-02
9.397454633169743943e-02
9.388595366711535717e-02
9.378767378692647039e-02
9.367932946323830057e-02
9.356023732202062293e-02
9.342954521150347025e-02
9.328636222728906024e-02
9.312987469355639425e-02
9.295944304907319267e-02
9.277467631646681145e-02
9.257548248304831029e-02
9.236209457749136598e-02
9.213507343112337100e-02
9.189528906087650328e-02
9.164388333734421743e-02
9.138221715842313742e-02
9.111180578581611067e-02
9.083424634654671537e-02
9.055114175270807808e-02
9.026402541847546035e-02
8.997429110302866684e-02
8.968313192816271262e-02
8.939149207396925034e-02
8.910003384326234399e-02
8.880912174732423503e-02
8.851882408645320166e-02
8.822893129325930228e-02
8.793898919864881480e-02
8.764834447952091212e-02
8.735619892779158957e-02
8.706166886964651630e-02
8.676384604143760892e-02
8.646185643687039069e-02
8.615491400332196681e-02
8.584236650999935159e-02
8.552373138456302593e-02
8.519871979572847531e-02
8.486724775652164376e-02
8.452943356754276383e-02
8.418558154902891499e-02
8.383615274840347520e-02
8.348172414923939189e-02
8.312293879933668750e-02
8.276045012956544100e-02
8.239486443162716278e-02
8.202668587660426336e-02
8.165626848593310338e-02
8.128377906294417810e-02
8.090917427741539658e-02
8.053219395948930937e-02
8.015237134832539634e-02
7.976905972118468469e-02
7.938147364994599386e-02
7.898874219505171157e-02
7.858997068734631386e-02
7.818430734046764863e-02
7.777101071469599836e-02
7.734951394425086668e-02
7.691948159621012082e-02
7.648085505234503145e-02
7.603388245472303408e-02
7.557912963858150202e-02
7.511746921599327109e-02
7.465004617200579617e-02
7.417822002134419335e-02
7.370348567025768183e-02
7.322737743094627494e-02
7.275136283205925480e-02
7.227673458929126382e-02
7.180451000311524612e-02
7.133534691346749002e-02
7.086948413011549819e-02
7.040671215102956015e-02
6.994637732886493930e-02
6.948741987558872124e-02
6.902844359598660218e-02
6.856781326102427687e-02
6.810377413067160435e-02
6.763458719478612768e-02
6.715867299653437150e-02
6.667475620638561862e-02
6.618200229238865862e-02
6.568013671854650015e-02
6.516953632807023777e-02
6.465128233390032841e-02
6.412716513620624059e-02
6.359963346625875646e-02
6.307168436461470240e-02
6.254669612265663370e-02
6.202821297304071668e-02
6.151969699137555675e-02
6.102426809851434208e-02
6.054445602977032853e-02
