1.176040660076270283e+00
1.175415520018210369e+00
1.174332570953634081e+00
1.172731124360045341e+00
1.170528134621302563e+00
1.167620440733738940e+00
1.163888052652199301e+00
1.159198687723551613e+00
1.153413706749928380e+00
1.146395492307906938e+00
1.138016154771138488e+00
1.128167251454569309e+00
1.116769977348911924e+00
1.103785057296205574e+00
1.089221372257733300e+00
1.073142222730599782e+00
1.055668101710003803e+00
1.036974934786197622e+00
1.017286940690260488e+00
9.968635427277130479e-01
9.759800761609582764e-01
9.549023525661491929e-01
9.338554671920592520e-01
9.129876667480385510e-01
8.923308641229334981e-01
8.717608728627538328e-01
8.509630863584027871e-01
8.294133724438528255e-01
8.063887632763455660e-01
7.810256535062135574e-01
7.524398160054061035e-01
7.199067421634323116e-01
6.830710962394461738e-01
6.421210259388024921e-01
5.978507267105628298e-01
5.515648867263650557e-01
5.048452532788798575e-01
4.592622627090667820e-01
4.161308862768845485e-01
3.763737972929693254e-01
3.404987754937531808e-01
3.086570405511342430e-01
2.807380917147310195e-01
2.564662188545788202e-01
2.354798585036259329e-01
2.173880931369188141e-01
2.018060902404321677e-01
1.883741211960209549e-01
1.767648964993180083e-01
1.666827992019846716e-01
1.578569713292055920e-01
1.500282523491564823e-01
1.429272386894946123e-01
1.362359352430126402e-01
1.295155951139155825e-01
1.220619277517172585e-01
1.126063188005690247e-01
9.874230814251644395e-02
7.630538527027841411e-02
4.192905508612729953e-02
7.808446218227616670e-03
2.592170451365854392e-03
2.126480961511291803e-02
4.135368000449964054e-02
5.586335573256515780e-02
6.554875069280871602e-02
7.206139797000743474e-02
7.659064869729596825e-02
7.988061919286811030e-02
8.239187587350267628e-02
8.441763145215390451e-02
8.615325438978810313e-02
8.773670860586911535e-02
8.927237865139822648e-02
9.084522586428754598e-02
9.252846343680076746e-02
9.438478969048569311e-02
9.645656803300474424e-02
9.872949031361939742e-02
1.010240163218526777e-01
1.026812448800976107e-01
1.016822593774925204e-01
9.262814211237350992e-02
6.613494478936189636e-02
2.575010575829740980e-02
2.090957285534845826e-03
2.177497545064735994e-03
1.080870040806744883e-02
1.990928871445792753e-02
2.763441672189110437e-02
3.400093861019235636e-02
3.938294098219516370e-02
4.415739320636470622e-02
4.865141116556451900e-02
5.315693998344631077e-02
5.795566521439024510e-02
6.333802861428325381e-02
6.959913327607651634e-02
7.696029560573593165e-02
8.526265645704925178e-02
9.306565994064816549e-02
9.586359167842195550e-02
8.602016493323876023e-02
6.189934740612524494e-02
3.553904555378067237e-02
1.752750252201549369e-02
8.086617175827542567e-03
3.871109638381485443e-03
2.319112106869460673e-03
2.033213258806321286e-03
2.321282375412190950e-03
2.848904230284624462e-03
3.454912311403796499e-03
4.060684867930159335e-03
4.625187960834176333e-03
5.121244217947264893e-03
5.521428419942442031e-03
5.788791274902168466e-03
5.872359626625308672e-03
5.712091361914964881e-03
5.260800706607054490e-03
4.522953647621614018e-03
3.585882316796531154e-03
2.603176883128904655e-03
1.727580181923068017e-03
1.049167190228397425e-03
5.845462689144209200e-04
3.043989734582944911e-04
1.647675607448330164e-04
1.253739271629385134e-04
1.559548220222299120e-04
2.363408068197714784e-04
3.543914774536863037e-04
5.036588096857506653e-04
6.813263765034945074e-04
8.864016698937731429e-04
1.117965514080945843e-03
1.373320618737149763e-03
1.646091900808154115e-03
1.924710283331273640e-03
2.192127591653969618e-03
2.427671613778928025e-03
2.611185097248077888e-03
2.728110674869547135e-03
2.773131087293685595e-03
2.750592575640471976e-03
2.671906974025879417e-03
2.551703744054160082e-03
2.404564903236112734e-03
2.243207269792478389e-03
2.078032289727368455e-03
1.917546033768459173e-03
1.769156631184691346e-03
1.640012828981955067e-03
1.537683780231895343e-03
1.470547185812451146e-03
1.447767892123918553e-03
1.478755405879096391e-03
1.572038498926761011e-03
1.733632143073195577e-03
1.965199217502259198e-03
2.262547521713926570e-03
2.615090183749056371e-03
3.006684888955447367e-03
3.417772208296294186e-03
3.828202852340841737e-03
4.219897833686409201e-03
4.578655672167545633e-03
4.894853653581708944e-03
5.163206420213651247e-03
5.381960867974771787e-03
5.551911001953082313e-03
5.675503060645768066e-03
5.756166916225179987e-03
5.797907084582482225e-03
5.805125945298073714e-03
5.782622023199249228e-03
5.735692973529498903e-03
5.670267266994480880e-03
5.592989214194368439e-03
5.511193324426737379e-03
5.432731175509841574e-03
5.365656361478071332e-03
5.317820112389671366e-03
5.296463661065332201e-03
5.307897166438508597e-03
5.357325653706869473e-03
5.448832790198933004e-03
5.585484690162351683e-03
5.769485714118586725e-03
6.002312059192302200e-03
6.284761735022395199e-03
6.616881904144353808e-03
6.997759006174644227e-03
7.425180438441559075e-03
7.895199179624480534e-03
8.401655895131922638e-03
8.935736330978365921e-03
9.485661341498412280e-03
1.003661529650651425e-02
1.057100690126858665e-02
1.106911826872839823e-02
1.151013474347692238e-02
1.187347179125798798e-02
1.214024778924274565e-02
1.229471587320307528e-02
1.232547804773915026e-02
1.222635770782548245e-02
1.199688351685167242e-02
1.164241173810389753e-02
1.117396330258657589e-02
1.060786599612325957e-02
9.965274401439414356e-03
9.271602885768301036e-03
8.555865169224267583e-03
7.849881332029540540e-03
7.187299114248025395e-03
6.602386215531813769e-03
6.128584663145574332e-03
5.796872806340691055e-03
5.634045101385887384e-03
5.661079259859568176e-03
5.891796401109083807e-03
6.332016601690599461e-03
6.979362151031735968e-03
7.823769675670819157e-03
8.848659511485073084e-03
1.003260397396580315e-02
1.135126205689774084e-02
1.277932280060095627e-02
1.429222425262748584e-02
1.586747717153646001e-02
1.748550268788943984e-02
1.912997157637920387e-02
2.078769590068050427e-02
2.244816556829207568e-02
2.410284332902154492e-02
2.574433630318681207e-02
2.736555550292492020e-02
2.895896125174224692e-02
3.051597435116920609e-02
3.202661117916728861e-02
3.347937586232433566e-02
3.486141486503050585e-02
3.615891057555465499e-02
3.735766387284720352e-02
3.844379514592807801e-02
3.940448240288336318e-02
4.022865598376876989e-02
4.090758162534058329e-02
4.143528441626916081e-02
4.180879105432452197e-02
4.202819189380021386e-02
4.209654354554070999e-02
4.201964496373063185e-02
4.180572463058155469e-02
4.146507479152020809e-02
4.100966275348900264e-02
4.045274130528437456e-02
3.980847231911903428e-02
3.909157093644086145e-02
3.831697317078738146e-02
3.749952743844154474e-02
3.665371016926243647e-02
3.579336667536312661e-02
3.493148013834166538e-02
3.407997318520328972e-02
3.324954744912892585e-02
3.244956636670237593e-02
3.168798514128365329e-02
3.097132947534462014e-02
3.030472173257839005e-02
2.969195013380224180e-02
2.913557390863464117e-02
2.863705539441043640e-02
2.819690910075976081e-02
2.781485777094913972e-02
2.748998635408121671e-02
2.722088635125417128e-02
2.700578497469296665e-02
2.684265572693963348e-02
2.672930915684658404e-02
2.666346449843314675e-02
2.664280449239712911e-02
2.666501679995266286e-02
2.672782595130858765e-02
2.682901968347685406e-02
2.696647283954516083e-02
2.713817083008228034e-02
2.734223318213483550e-02
2.757693616648103710e-02
2.784073216489704738e-02
2.813226255514035198e-02
2.845036061848568373e-02
2.879404137443949963e-02
2.916247626662691120e-02
2.955495210989290619e-02
2.997081544268406783e-02
3.040940516949037359e-02
3.086997790283419960e-02
3.135163154913787886e-02
3.185323331782610734e-02
3.237335842273082048e-02
3.291024529849952140e-02
3.346177222190132444e-02
3.402545888502477023e-02
3.459849480765446461e-02
3.517779460508696499e-02
3.576007816209780116e-02
3.634197183229920941e-02
3.692012502383881095e-02
3.749133509117441587e-02
3.805267246586998414e-02
3.860159754143294153e-02
3.913606105135043062e-02
3.965458056159478634e-02
4.015628718859880902e-02
4.064093863599875511e-02
4.110889695145260314e-02
4.156107184191448756e-02
4.199883275161465229e-02
4.242389502215435787e-02
4.283818717719899832e-02
4.324370760948346992e-02
4.364237964308190221e-02
4.403591408201325275e-02
4.442568794463942067e-02
4.481264714592385345e-02
4.519723946449426266e-02
4.557938227432420386e-02
4.595846731274490921e-02
4.633340231160899131e-02
4.670268678759968706e-02
4.706451685394569956e-02
4.741691178015969288e-02
4.775785338505301320e-02
4.808542836512633839e-02
4.839796344078935858e-02
4.869414377448055137e-02
4.897310642109874851e-02
4.923450247927524392e-02
4.947852393353562722e-02
4.970589369813981778e-02
4.991781988491016120e-02
5.011591764328850868e-02
5.030210393262257718e-02
5.047847220584053551e-02
5.064715517222349167e-02
5.081018454971014675e-02
5.096935700263995062e-02
5.112611526803222117e-02
5.128145276934110985e-02
5.143584876683163915e-02
5.158923928519979635e-02
5.174102672752076137e-02
5.189012833865080249e-02
5.203506071300721680e-02
5.217405461696364433e-02
5.230519182222165969e-02
5.242655372266003672e-02
5.253637046935649008e-02
5.263315933230797161e-02
5.271584197287672996e-02
5.278383214557224451e-02
5.283708779789031418e-02
5.287612430899171767e-02
5.290198841564024146e-02
5.291619498646359804e-02
5.292063107749386819e-02
5.291743357525632852e-02
5.290884821719243208e-02
5.289707891001185769e-02
5.288413706548112520e-02
5.287170110899201692e-02
5.286099628987071114e-02
5.285270428096657674e-02
5.284691063618974366e-02
5.284309587318018753e-02
5.284017278665222722e-02
5.283656877598651852e-02
5.283034787194541837e-02
5.281936328957706484e-02
5.280142826950973145e-02
5.277449116052664035e-02
5.273680040402280861e-02
5.268704630291429214e-02
5.262446893209945381e-02
5.254892482662440467e-02
5.246090864747806476e-02
5.236152940656459143e-02
5.225244371497635154e-02
5.213575078483697472e-02
5.201385563724332528e-02
5.188930834828713728e-02
5.176462843431554883e-02
5.164212478912594967e-02
5.152372291766824791e-02
5.141081231574501365e-02
5.130412727155170272e-02
5.120367356436962558e-02
5.110871104308223334e-02
5.101779770937628355e-02
5.092889498834320128e-02
