1.217665651206220057e+00
1.220141712322377003e+00
1.224264874691190164e+00
1.230029486289207163e+00
1.237427333773420068e+00
1.246447770487815632e+00
1.257078483282214165e+00
1.269307328374172705e+00
1.283125730090989070e+00
1.298534169776374148e+00
1.315550281740409444e+00
1.334220004293658945e+00
1.354632094113505936e+00
1.376936094495128327e+00
1.401363553689475294e+00
1.428251927395874921e+00
1.458070179637866337e+00
1.491444615699883514e+00
1.529182901137184691e+00
1.572293441339100317e+00
1.621996130731573782e+00
1.679718656420870149e+00
1.747069748245069221e+00
1.825776816761726762e+00
1.917570595176765869e+00
2.023995103819456798e+00
2.146120981390114757e+00
2.284150509122154560e+00
2.436932722341996538e+00
2.601464510052693413e+00
2.772533472598718518e+00
2.942726717651310775e+00
3.103018999494250529e+00
3.243996187913396501e+00
3.357478990654088946e+00
3.438038932234116274e+00
3.483858661788235445e+00
3.496660248563681517e+00
3.480839743628115102e+00
3.442230099545487310e+00
3.386931534144255185e+00
3.320473479964492824e+00
3.247365472575760137e+00
3.170961020330252733e+00
3.093514680762464941e+00
3.016325490198927373e+00
2.939892563840337925e+00
2.864038657942705957e+00
2.787976267671236297e+00
2.710297214336593097e+00
2.628860982840482308e+00
2.540537492858231605e+00
2.440719827711782752e+00
2.322447548665671935e+00
2.174852313850563768e+00
1.980474619926991364e+00
1.711171014034745586e+00
1.325319284561836453e+00
7.875846756068812793e-01
1.993820483357070794e-01
6.009596117666403392e-02
7.300285263037873396e-01
1.576284236038396180e+00
2.134046833772358376e+00
2.438058411350088051e+00
2.598334572173572443e+00
2.682852433191706520e+00
2.726526222192579230e+00
2.746994881593613602e+00
2.753344593692504283e+00
2.750315457993246504e+00
2.740310431740619279e+00
2.724365541165296278e+00
2.702609513533176244e+00
2.674449372117064350e+00
2.638584137124494244e+00
2.592884939138675460e+00
2.534157814820118038e+00
2.457852052789301300e+00
2.358065513982776640e+00
2.229461159016946858e+00
2.077731894050697470e+00
1.960763690802849624e+00
2.080584619179001837e+00
2.660147634027076435e+00
3.349204740373609823e+00
3.725646461437412960e+00
3.863168280406366062e+00
3.907416031286248259e+00
3.927876501733545744e+00
3.951110885059105016e+00
3.987599486441537611e+00
4.042516084999479453e+00
4.119675081666049010e+00
4.222979907457270699e+00
4.356797760221359006e+00
4.525376258760141823e+00
4.730285357279046643e+00
4.962686612594074731e+00
5.182392749111768282e+00
5.269494942868363729e+00
4.958405802904188420e+00
3.934143831429302907e+00
2.364842002674802046e+00
1.017296547860067069e+00
2.948071365458552195e-01
3.874930627250294107e-02
9.963899216567094139e-03
6.822350785531705597e-02
1.496203784109185753e-01
2.278262293073382294e-01
2.927765980498037712e-01
3.410752916603678742e-01
3.719222759777450205e-01
3.854718951772751478e-01
3.823200218873383793e-01
3.636458196738038828e-01
3.318952633467940339e-01
2.919607552957769747e-01
2.524884787954107535e-01
2.261004503035634605e-01
2.265739056680257657e-01
2.625059378856812731e-01
3.315465482671038910e-01
4.211581044201366253e-01
5.156316489548956605e-01
6.027998146497183241e-01
6.762319359882064118e-01
7.340095622310880419e-01
7.766570994238405357e-01
8.055761758565046504e-01
8.221785403200628783e-01
8.275049771590852199e-01
8.221118417278389101e-01
8.060985150150611345e-01
7.792290042692912033e-01
7.411506892043778771e-01
6.917320684792086505e-01
6.315202802881577648e-01
5.622435798578814259e-01
4.871631904925031731e-01
4.109917313085520441e-01
3.391849163038208048e-01
2.767440288340776711e-01
2.270388739195319250e-01
1.912127637095514809e-01
1.683655894485763527e-01
1.562605621894188612e-01
1.521286399987773763e-01
1.532730859735546569e-01
1.573920537798378649e-01
1.626761255942763273e-01
1.677762803535862435e-01
1.717206195733484153e-01
1.738276541501271866e-01
1.736394479124635237e-01
1.708826540776325065e-01
1.654564176124574681e-01
1.574395841679795127e-01
1.471038057223158779e-01
1.349148747802283166e-01
1.215052533798195999e-01
1.076094921510873242e-01
9.397006144073601075e-02
8.123671434624792076e-02
6.988806690499325958e-02
6.019540993881151991e-02
5.223144294935524318e-02
4.591128534500569375e-02
4.104692002324421274e-02
3.739899828094729595e-02
3.471698101952725574e-02
3.276529728537849045e-02
3.133737955860010915e-02
3.026104969637466793e-02
2.939867807133571265e-02
2.864473731607334803e-02
2.792241227758329725e-02
2.718009096452357262e-02
2.638794821512601210e-02
2.553447310844156326e-02
2.462268674947088246e-02
2.366592210996096290e-02
2.268330884393573652e-02
2.169538375954467926e-02
2.072038602382981001e-02
1.977171955487220731e-02
1.885681121959709855e-02
1.797728443444556595e-02
1.713013079581196529e-02
1.630946264647499186e-02
1.550845594005071000e-02
1.472118915165508864e-02
1.394419058772676176e-02
1.317758587840238069e-02
1.242577964989003379e-02
1.169762047347063134e-02
1.100600625944564079e-02
1.036690956657275106e-02
9.797853959484089867e-03
9.315956144119116183e-03
8.935749742759090120e-03
8.667094669770768547e-03
8.513513497438021660e-03
8.471254647747306424e-03
8.529259317824475911e-03
8.670034638265334756e-03
8.871261755508993985e-03
9.107846075768847097e-03
9.354077084082784710e-03
9.585604382612298788e-03
9.781027213734026435e-03
9.923000221652994099e-03
9.998848594803464579e-03
1.000074550519890193e-02
9.925532613968026524e-03
9.774268239768606897e-03
9.551578804852465729e-03
9.264877494554088141e-03
8.923506297204763724e-03
8.537856069924737792e-03
8.118522411972984784e-03
7.675558559689705032e-03
7.217884918527862209e-03
6.752904079543172941e-03
6.286349152025296101e-03
5.822364762616071866e-03
5.363789992009516082e-03
4.912587669037574850e-03
4.470350073178419592e-03
4.038809145042942909e-03
3.620288145571323810e-03
3.218047323956967076e-03
2.836493971452451295e-03
2.481243698441556057e-03
2.159033148696979081e-03
1.877494698446502191e-03
1.644812131797035362e-03
1.469284224531899538e-03
1.358831431220443482e-03
1.320489210141986489e-03
1.359938497919082256e-03
1.481127139272435216e-03
1.686033184147128295e-03
1.974610135728509502e-03
2.344935353823801669e-03
2.793557881732908373e-03
3.316014868680839008e-03
3.907461397710441930e-03
4.563341456863378130e-03
5.280020966242787890e-03
6.055307844505578539e-03
6.888797489922648780e-03
7.782001723740005622e-03
8.738241756907773328e-03
9.762308184670477618e-03
1.085991150294374381e-02
1.203696430940107490e-02
1.329875096488758804e-02
1.464905190866336825e-02
1.608929755921891316e-02
1.761782977680300885e-02
1.922934582314475560e-02
2.091458931681617131e-02
2.266033424819696371e-02
2.444968239029565379e-02
2.626266375422353638e-02
2.807709792147197389e-02
2.986964582788902492e-02
3.161696140948244693e-02
3.329684373091851279e-02
3.488929401471757563e-02
3.637739723590878438e-02
3.774797151120701938e-02
3.899195610602895767e-02
4.010453609822267618e-02
4.108502495380345759e-02
4.193654321269636720e-02
4.266554135577042134e-02
4.328121818930175113e-02
4.379488403100462862e-02
4.421931226667141779e-02
4.456811509405098765e-02
4.485517082612905382e-02
4.509412194415578223e-02
4.529795573840931372e-02
4.547867310323486234e-02
4.564704589965147552e-02
4.581245918610414580e-02
4.598283143100580228e-02
4.616460345632716206e-02
4.636278524720351818e-02
4.658104885285428709e-02
4.682185536293761996e-02
4.708660432299621723e-02
4.737579487751201329e-02
4.768918929086485986e-02
4.802597115953901458e-02
4.838489244473122286e-02
4.876440527944117531e-02
4.916277621532973152e-02
4.957818208024176998e-02
5.000878785944897625e-02
5.045280796518980537e-02
5.090855291627580798e-02
5.137446382407358930e-02
5.184913719376026825e-02
5.233134242692635829e-02
5.282003408581855547e-02
5.331436049146612982e-02
5.381366962899501033e-02
5.431751268625222701e-02
5.482564492757078384e-02
5.533802307616309674e-02
5.585479801188895921e-02
5.637630143446446113e-02
5.690302521899826688e-02
5.743559249616043277e-02
5.797471999198924170e-02
5.852117181144656649e-02
5.907570558441771480e-02
5.963901265141649533e-02
6.021165469362167733e-02
6.079399986154945118e-02
6.138616198915300415e-02
6.198794685798690585e-02
6.259880965872044456e-02
6.321782773812616163e-02
6.384369236799465608e-02
6.447472258119429922e-02
6.510890305915792431e-02
6.574394662748267448e-02
6.637738017350705566e-02
6.700665085087913198e-02
6.762924744719601977e-02
6.824282997027324160e-02
6.884535908059689902e-02
6.943521616638613503e-02
7.001130477128626739e-02
7.057312480549877975e-02
7.112081246275207824e-02
7.165514089908374407e-02
7.217747930846217519e-02
7.268971082768227454e-02
7.319411250000115721e-02
7.369320314359202595e-02
7.418956727980852150e-02
7.468566519744868071e-02
7.518364070861573156e-02
7.568513913223610945e-02
7.619114843731118747e-02
7.670187616569489053e-02
7.721667358428928318e-02
7.773401635185299419e-02
7.825154775724146861e-02
7.876618635332695295e-02
7.927429480799830230e-02
7.977190144007829942e-02
8.025496077502689007e-02
8.071963518346830790e-02
8.116257685140312872e-02
8.158118840591130350e-02
8.197384165699030112e-02
8.234003698819597483e-02
8.268049053544082594e-02
8.299714184782540360e-02
8.329308057858204883e-02
8.357239632829124854e-02
8.383996064483638377e-02
8.410115417697015816e-02
8.436155507742497395e-02
8.462660707397649806e-02
8.490128730295951054e-02
8.518979506431247073e-02
8.549528297690828227e-02
8.581965127472611365e-02
8.616342376311221518e-02
8.652571985108686858e-02
8.690433089747112705e-02
8.729590103423476299e-02
8.769620330228300453e-02
8.810049242712564288e-02
8.850390720905325359e-02
8.890188962356240787e-02
8.929058531680972299e-02
8.966719166082086356e-02
9.003022464869538111e-02
9.037968379502012151e-02
9.071710360494973646e-02
9.104548974524649674e-02
9.136914666646528405e-02
9.169341039432993279e-02
9.202430534800508377e-02
9.236814761473627344e-02
9.273111962637747840e-02
9.311884314634044646e-02
9.353597911958674849e-02
9.398588404592544965e-02
9.447035240614035101e-02
9.498947226737512739e-02
9.554161548896755729e-02
9.612357435868700006e-02
9.673084327746402089e-02
