1.199314128869883866e+00
1.199191083498660104e+00
1.198951808897967819e+00
1.198545466373061030e+00
1.197901967122666278e+00
1.196933422877484610e+00
1.195536478431849625e+00
1.193595784648638247e+00
1.190988831704240081e+00
1.187592273716339353e+00
1.183289736055787245e+00
1.177980909443112623e+00
1.171591511461191892e+00
1.164083456034405772e+00
1.155464342405652101e+00
1.145795189316680451e+00
1.135195227116498895e+00
1.123842538367837873e+00
1.111969403987387750e+00
1.099851341326729903e+00
1.087788970761512930e+00
1.076081982211373411e+00
1.064994603827067454e+00
1.054712221787215132e+00
1.045289466716772475e+00
1.036591719619417429e+00
1.028235369792626752e+00
1.019537986149144704e+00
1.009497683949243330e+00
9.968288982467852222e-01
9.800831834377690122e-01
9.578690032679915145e-01
9.291472108828356946e-01
8.935273848313559641e-01
8.514548151738122739e-01
8.041961104779892233e-01
7.536104048251514032e-01
7.017889295313265441e-01
6.506943113239800347e-01
6.019063203808554530e-01
5.565129455465145369e-01
5.151241561687552872e-01
4.779577516424302619e-01
4.449492699710920207e-01
4.158545929850487877e-01
3.903309579080699310e-01
3.679936437908865043e-01
3.484513069457620960e-01
3.313245857532559624e-01
3.162520073653566355e-01
3.028855201247657170e-01
2.908754492157172855e-01
2.798407798485387787e-01
2.693136076922330591e-01
2.586320962752182151e-01
2.467254139388179446e-01
2.316753315421189452e-01
2.098989992387719772e-01
1.753799810007951043e-01
1.239099402925508547e-01
7.510077718634944333e-02
7.092349349348904541e-02
1.011501528807393913e-01
1.319326201850042068e-01
1.536380024721166193e-01
1.678763128701364626e-01
1.773017689611537939e-01
1.837534319794186244e-01
1.883584340359909237e-01
1.918022719348474736e-01
1.945123361054879874e-01
1.967645695822397289e-01
1.987435739405548352e-01
2.005758763078440143e-01
2.023465224799651241e-01
2.041025040847959382e-01
2.058403096034567004e-01
2.074650702192083196e-01
2.086868211181988064e-01
2.087636939904289612e-01
2.058606068640342068e-01
1.955126496230022437e-01
1.679703935292773676e-01
1.114307788809581756e-01
4.546067862392694919e-02
2.409242686821269283e-02
4.240110307648343319e-02
6.843871828457319395e-02
9.059215190864466916e-02
1.079913648079395549e-01
1.219457253134062502e-01
1.337710340743868687e-01
1.444993358204082479e-01
1.549505781177284713e-01
1.658383831038317824e-01
1.778548504654836604e-01
1.917216601821908062e-01
2.081680267569002984e-01
2.276922605401393573e-01
2.496761001650086575e-01
2.698426306530102292e-01
2.753664811739495177e-01
2.451512999582220187e-01
1.757619093078167938e-01
1.016792206732893278e-01
5.197526781531727758e-02
2.647904121596943508e-02
1.548006684775321551e-02
1.174009190635493319e-02
1.136708357163764005e-02
1.245517388933244443e-02
1.409202102212048571e-02
1.583936316724678106e-02
1.747974884922744512e-02
1.889161327843325369e-02
1.998367977571010451e-02
2.065714166100150045e-02
2.078431781476049525e-02
2.020703579862302701e-02
1.877085773911289085e-02
1.641254458528729199e-02
1.328071016873232958e-02
9.790896270245061025e-03
6.502229248237464433e-03
3.866695673032586548e-03
2.063092224352091036e-03
1.024312647623829660e-03
5.657978355822508966e-04
4.932507059573611272e-04
6.517319346204372612e-04
9.338079855699475251e-04
1.270829709024243409e-03
1.621030892348700875e-03
1.959477101118521376e-03
2.270779364916506848e-03
2.544153430384855745e-03
2.770261100229343479e-03
2.939523653766853897e-03
3.041905400285932568e-03
3.068303913518330081e-03
3.013417326253810865e-03
2.879188397200081392e-03
2.677053995275610176e-03
2.427223762002523200e-03
2.154688533321596610e-03
1.883718532626229517e-03
1.633427332468980094e-03
1.415926084827439854e-03
1.236887894522467049e-03
1.097384071660181988e-03
9.958968927873178365e-04
9.299106288163190483e-04
8.969268742969401138e-04
8.949763802122085235e-04
9.227554426069772570e-04
9.794921899892367924e-04
1.064611937116754017e-03
1.177254722464015453e-03
1.315715013253088150e-03
1.476919018077562165e-03
1.656103608811455158e-03
1.846866827187543898e-03
2.041679940305578863e-03
2.232787047649863188e-03
2.413244357768394924e-03
2.577776384564339513e-03
2.723206045388339505e-03
2.848399155332071581e-03
2.953837645670572519e-03
3.041016723012169784e-03
3.111843530142724412e-03
3.168145982471573963e-03
3.211330893508847293e-03
3.242186351184891263e-03
3.260806755264510862e-03
3.266620399910878745e-03
3.258507544972316303e-03
3.235002554362233912e-03
3.194571298784860350e-03
3.135942915631807857e-03
3.058456301135510386e-03
2.962364661074101159e-03
2.849037228757328628e-03
2.721014133247475018e-03
2.581907075204297256e-03
2.436182006402695058e-03
2.288891774037617784e-03
2.145433170180208876e-03
2.011383230414576576e-03
1.892434699699475139e-03
1.794414729443726377e-03
1.723344382676928258e-03
1.685482796514261314e-03
1.687297384074311563e-03
1.735307571372017577e-03
1.835763036511363832e-03
1.994139010703105310e-03
2.214462313626770328e-03
2.498522006316459491e-03
2.845063036413317779e-03
3.249099497718223057e-03
3.701501377388696952e-03
4.188991051985754659e-03
4.694627849466499574e-03
5.198769790061524669e-03
5.680404823157686120e-03
6.118669626121421394e-03
6.494345849163611281e-03
6.791147802355785093e-03
6.996678985398472120e-03
7.103012823053973628e-03
7.106920729652867717e-03
7.009812577259235886e-03
6.817467290999066655e-03
6.539620705858334784e-03
6.189454677383728586e-03
5.783006643305916607e-03
5.338500891740228897e-03
4.875596817748793430e-03
4.414556975085328488e-03
3.975356744134752283e-03
3.576782614417862213e-03
3.235589571419411441e-03
2.965801266132073958e-03
2.778232777399335714e-03
2.680292645614749079e-03
2.676082255428721777e-03
2.766765577650712443e-03
2.951141962326556123e-03
3.226328594269051598e-03
3.588452071621932998e-03
4.033259349424484115e-03
4.556581678827213711e-03
5.154614133191425841e-03
5.824001614615941999e-03
6.561745924067820430e-03
7.364966081864579919e-03
8.230555903004185825e-03
9.154789885320611942e-03
1.013293159108602515e-02
1.115889805485500118e-02
1.222502883720529010e-02
1.332199845796647013e-02
1.443889583595801655e-02
1.556347487725140075e-02
1.668255871958077355e-02
1.778255973627679981e-02
1.885006198442909162e-02
1.987240540688442123e-02
2.083821316317256006e-02
2.173781424907711424e-02
2.256353046507498031e-02
2.330981614355974105e-02
2.397325716866605463e-02
2.455244993310526022e-02
2.504778954383934941e-02
2.546119973409790779e-02
2.579583548354651146e-02
2.605578472088020472e-02
2.624578917901913486e-02
2.637099775872196045e-02
2.643675954029146152e-02
2.644845841384282567e-02
2.641138743131047142e-02
2.633065846187743891e-02
2.621114145821350216e-02
2.605742741835765167e-02
2.587380969425575813e-02
2.566427934778958350e-02
2.543253147329841563e-02
2.518198050655456183e-02
2.491578330965882673e-02
2.463686914785698581e-02
2.434797556016626841e-02
2.405168867384697290e-02
2.375048589320784276e-02
2.344677829953316708e-02
2.314294970591596057e-02
2.284138924290094949e-02
2.254451466500771717e-02
2.225478425103660091e-02
2.197469614716354366e-02
2.170677514934030508e-02
2.145354809171011803e-02
2.121751004661096701e-02
2.100108431186893665e-02
2.080657956209567769e-02
2.063614752558032978e-02
2.049174413263002079e-02
2.037509634212396337e-02
2.028767591750896271e-02
2.023068044592100934e-02
2.020502102848006215e-02
2.021131544160634230e-02
2.024988525436068401e-02
2.032075540180384304e-02
2.042365501937406375e-02
2.055801885624235562e-02
2.072298920251278848e-02
2.091741888086328868e-02
2.113987637802875255e-02
2.138865456055210473e-02
2.166178459466121947e-02
2.195705665790151709e-02
2.227204879390042025e-02
2.260416483689341519e-02
2.295068174329589067e-02
2.330880594555675284e-02
2.367573753085606969e-02
2.404874019931339119e-02
2.442521414359629869e-02
2.480276829737230668e-02
2.517928791285291290e-02
2.555299323032968889e-02
2.592248515656546057e-02
2.628677440035606314e-02
2.664529140399748627e-02
2.699787559391091107e-02
2.734474384847476736e-02
2.768643951839883446e-02
2.802376470205127437e-02
2.835769965600331774e-02
2.868931411826514469e-02
2.901967588128646913e-02
2.934976215080798909e-02
2.968037907019627220e-02
3.001209430290950261e-02
3.034518678536690314e-02
3.067961673342302700e-02
3.101501775911275072e-02
3.135071158998276042e-02
3.168574445217475777e-02
3.201894276445339110e-02
3.234898448886581318e-02
3.267448139524369716e-02
3.299406671692656917e-02
3.330648228182044729e-02
3.361065924359366713e-02
3.390578701948040313e-02
3.419136592624474197e-02
3.446724021505460922e-02
3.473360962833177412e-02
3.499101910966829349e-02
3.524032776530670180e-02
3.548265949323886614e-02
3.571933878273120949e-02
3.595181599471148487e-02
3.618158694375576967e-02
3.641011181937993391e-02
3.663873842397100122e-02
3.686863438582831110e-02
3.710073244488283628e-02
3.733569212006912497e-02
3.757388006869903652e-02
3.781537026931105355e-02
3.805996385082413558e-02
3.830722702883775782e-02
3.855654429549137951e-02
3.880718285911403248e-02
3.905836346083334243e-02
3.930933220596997957e-02
3.955942800070656046e-02
3.980814059292420160e-02
4.005515504130505861e-02
4.030037959287608579e-02
4.054395531682745968e-02
4.078624728804343402e-02
4.102781850865597907e-02
4.126938899247788173e-02
4.151178343823962863e-02
4.175587163800134616e-02
4.200250618880639608e-02
4.225246219813403453e-02
4.250638350502745910e-02
4.276473948906087813e-02
4.302779582027509847e-02
4.329560153317418142e-02
4.356799362027980599e-02
4.384461899320089839e-02
4.412497223779148631e-02
4.440844620727788655e-02
4.469439128210510315e-02
4.498217820650854404e-02
4.527125890013316417e-02
4.556121961344543336e-02
4.585182127632881494e-02
4.614302285593110259e-02
4.643498491892953522e-02
4.672805227126855532e-02
4.702271638505070572e-02
4.731956016766369899e-02
4.761918933597729386e-02
4.792215609515970698e-02
4.822888186920619435e-02
4.853958638517327090e-02
4.885423038463248407e-02
4.917247855412026220e-02
4.949368789917015649e-02
4.981692476794639252e-02
5.014101118687986497e-02
5.046459833282202628e-02
5.078626214899630703e-02
5.110461366202878608e-02
