1.230916202791314973e+00
1.232523827801267124e+00
1.235184583882531273e+00
1.238870520219988558e+00
1.243542645938376712e+00
1.249151489469219500e+00
1.255638383403073544e+00
1.262937840520773847e+00
1.270981401193518767e+00
1.279703304400163333e+00
1.289048255434691148e+00
1.298981426061462940e+00
1.309500624972345983e+00
1.320650322541044197e+00
1.332536917052112413e+00
1.345344309340190225e+00
1.359348528727206018e+00
1.374929833516368660e+00
1.392580376126498765e+00
1.412905118533475557e+00
1.436613106367564008e+00
1.464495331686945789e+00
1.497384138652899654e+00
1.536087514958312639e+00
1.581290116166536031e+00
1.633412687932463747e+00
1.692425042071221686e+00
1.757618569988016466e+00
1.827366436315122300e+00
1.898933978950342549e+00
1.968439621866931111e+00
2.031082625915807238e+00
2.081710815747436438e+00
2.115677020936055364e+00
2.129764556545038712e+00
2.122856935022146008e+00
2.096090081256275717e+00
2.052446930810971182e+00
1.995992247446324974e+00
1.931048832019554684e+00
1.861554210159924505e+00
1.790694279125778943e+00
1.720787870418291510e+00
1.653338390211494868e+00
1.589166001040298593e+00
1.528557278493990035e+00
1.471396066648124723e+00
1.417258860674236676e+00
1.365468502016323082e+00
1.315102698729143649e+00
1.264950353516782311e+00
1.213398750404795168e+00
1.158215476485315865e+00
1.096153845824342055e+00
1.022249518606000773e+00
9.285933184484862490e-01
8.024101543143520310e-01
6.245119539398293895e-01
3.772577808582123216e-01
1.013250273033347443e-01
1.551108943956495956e-02
2.902796900876843944e-01
6.548663201013592561e-01
8.984631106120659627e-01
1.031266406360400678e+00
1.100213971967011428e+00
1.135038217203134137e+00
1.151193960906479186e+00
1.156538858558945115e+00
1.155117608983176947e+00
1.149005676581097646e+00
1.139190036109694937e+00
1.125985270974170227e+00
1.109211259924671733e+00
1.088227837100663731e+00
1.061854572834656674e+00
1.028158490951821546e+00
9.840461583214219488e-01
9.245379272072975496e-01
8.415648116300014081e-01
7.224232659156679670e-01
5.504939090327153339e-01
3.237789980086808184e-01
1.386818618072232501e-01
2.522637538328578177e-01
6.516455563852058264e-01
9.974477004944357628e-01
1.196496428342899598e+00
1.303363349747505673e+00
1.365062478592616646e+00
1.406278799099832444e+00
1.439340645152107578e+00
1.470838375607887771e+00
1.504777729168913725e+00
1.544009001281575921e+00
1.590811533840163383e+00
1.646884807851014543e+00
1.712485069094693779e+00
1.783633218373081863e+00
1.844683946325478052e+00
1.851790225158303604e+00
1.712452698032488563e+00
1.325674824210367309e+00
7.675282298252541491e-01
3.095824934243913140e-01
7.837346505625088222e-02
7.423926834879043465e-03
1.056930212908304551e-02
3.960751653066455630e-02
7.346866001271248892e-02
1.039250251206472603e-01
1.280869684272785691e-01
1.451219617249362992e-01
1.548928624139306043e-01
1.574142740258461237e-01
1.526781898675633187e-01
1.406981214196670604e-01
1.217620946009922711e-01
9.693656810692276304e-02
6.877787457487791190e-02
4.186983664291799023e-02
2.231953041298055662e-02
1.553327360075437702e-02
2.332262421815691628e-02
4.295033865519802541e-02
6.907170760987890734e-02
9.652396471057958505e-02
1.218378237682956750e-01
1.432950361144971207e-01
1.603595976731111150e-01
1.731038506577477487e-01
1.818268183153399220e-01
1.868488117721943398e-01
1.884199398543975335e-01
1.866945081455229638e-01
1.817463303169799815e-01
1.736168182354016487e-01
1.623955266641028405e-01
1.483294716162008586e-01
1.319403725299194696e-01
1.141014007099189764e-01
9.600685719269905216e-02
7.899319691049189185e-02
6.425063071757960986e-02
5.255047117586295752e-02
4.411927446605883735e-02
3.869907213787451838e-02
3.572667059111898913e-02
3.452881126284068625e-02
3.446444952780134546e-02
3.499777373231677258e-02
3.571780826667143166e-02
3.632833114854008144e-02
3.662683778544604390e-02
3.648355415131597501e-02
3.582547693666882777e-02
3.462670724212214834e-02
3.290417903778627973e-02
3.071645749319402291e-02
2.816227393154059275e-02
2.537514518663444921e-02
2.251141570414751797e-02
1.973167052262397858e-02
1.717893122530949820e-02
1.495949098580797061e-02
1.313191591108236848e-02
1.170661124287294096e-02
1.065434414361642566e-02
9.919524278083220389e-03
9.433812016292668357e-03
9.127086021747155692e-03
8.934678811973935722e-03
8.801176833891770704e-03
8.681732013393223327e-03
8.541914513477891560e-03
8.356925289304666452e-03
8.110687788729918288e-03
7.795057051221587936e-03
7.409161258374935208e-03
6.958739754951164327e-03
6.455275340661861469e-03
5.914749182217582564e-03
5.355968871198912504e-03
4.798594144852804874e-03
4.261138366060296910e-03
3.759283687477370153e-03
3.304782620125115353e-03
2.905060139289521864e-03
2.563452524570477252e-03
2.279892559653328397e-03
2.051807463094407116e-03
1.875024928261616970e-03
1.744549756842968041e-03
1.655145047626576304e-03
1.601707474687281843e-03
1.579460073662716747e-03
1.584001576503921019e-03
1.611255368121768117e-03
1.657359559041492961e-03
1.718536074375800115e-03
1.790972165296486184e-03
1.870741773255789461e-03
1.953785664427150435e-03
2.035957922690214295e-03
2.113133522821059561e-03
2.181360011735075394e-03
2.237028863226556055e-03
2.277040761013048725e-03
2.298943692092196827e-03
2.301031059402383876e-03
2.282395890279855476e-03
2.242943925312184793e-03
2.183371588087332660e-03
2.105114725104037087e-03
2.010271775023551519e-03
1.901502288308341837e-03
1.781899961397333037e-03
1.654839624595726881e-03
1.523800373672317549e-03
1.392171999561078429e-03
1.263058039570867262e-03
1.139094483447901070e-03
1.022306425263075575e-03
9.140240156533266597e-04
8.148731441676534308e-04
7.248460339693183711e-04
6.434444981915655440e-04
5.698769859445393122e-04
5.032825644079368067e-04
4.429523173478706216e-04
3.885213318184009513e-04
3.401111032759596533e-04
2.984106978810675348e-04
2.646933481389522722e-04
2.407719807773379820e-04
2.289020018437138055e-04
2.316427095452985223e-04
2.516905396595092432e-04
2.916985366166825787e-04
3.540972894968651683e-04
4.409330100920471674e-04
5.537380673055334506e-04
6.934475809902737164e-04
8.603721675818303384e-04
1.054231521043805632e-03
1.274246630125293886e-03
1.519281026476045245e-03
1.788014807079925123e-03
2.079130543389223588e-03
2.391488458185411260e-03
2.724269662858872908e-03
3.077070374366852514e-03
3.449935957248571536e-03
3.843330273055078385e-03
4.258042216721732651e-03
4.695036862327503328e-03
5.155263089489760427e-03
5.639432951571497592e-03
6.147790516423832716e-03
6.679889532498572632e-03
7.234399949124078674e-03
7.808962767916640887e-03
8.400110544603505217e-03
9.003266782229801118e-03
9.612831392463227348e-03
1.022235168575033777e-02
1.082476977000148936e-02
1.141272894557569459e-02
1.197891498392456011e-02
1.251640421703050995e-02
1.301898984722904724e-02
1.348146088171208075e-02
1.389981402222464912e-02
1.427138662263838058e-02
1.459490716663966459e-02
1.487046739020548951e-02
1.509942626316714519e-02
1.528426006337176880e-02
1.542837466306269494e-02
1.553589616767781130e-02
1.561145466227431902e-02
1.565997354735402039e-02
1.568647425569275750e-02
1.569590340267672940e-02
1.569298688054357460e-02
1.568211319675339235e-02
1.566724652864808637e-02
1.565186851614178490e-02
1.563894670889407618e-02
1.563092678282467299e-02
1.562974510367713329e-02
1.563685790960141209e-02
1.565328328285176679e-02
1.567965215742233784e-02
1.571626483835641963e-02
1.576314985984016842e-02
1.582012244977346743e-02
1.588684036314758075e-02
1.596285536093819749e-02
1.604765911475975609e-02
1.614072278553610809e-02
1.624152993909606935e-02
1.634960281164594617e-02
1.646452221767988680e-02
1.658594160018793395e-02
1.671359585889292329e-02
1.684730565977068592e-02
1.698697793367432221e-02
1.713260322185656756e-02
1.728425043348746915e-02
1.744205946056087350e-02
1.760623196748781899e-02
1.777702055598417985e-02
1.795471641899839751e-02
1.813963555466885369e-02
1.833210362045737882e-02
1.853243956882766677e-02
1.874093831179994216e-02
1.895785279914842872e-02
1.918337604708334615e-02
1.941762380308186334e-02
1.966061866123000254e-02
1.991227653630417774e-02
2.017239645156028785e-02
2.044065458458883128e-02
2.071660343899459078e-02
2.099967686001529693e-02
2.128920138477699911e-02
2.158441411194050169e-02
2.188448689647364692e-02
2.218855623715067574e-02
2.249575775130796193e-02
2.280526365802793345e-02
2.311632126083940780e-02
2.342829008278396810e-02
2.374067510819350552e-02
2.405315356697132825e-02
2.436559288421769401e-02
2.467805781644533472e-02
2.499080538868701448e-02
2.530426699656918368e-02
2.561901788951035513e-02
2.593573514208941805e-02
2.625514608584020304e-02
2.657796995466460768e-02
2.690485614498334607e-02
2.723632296812208628e-02
2.757270104635394306e-02
2.791408554840183603e-02
2.826030124906128704e-02
2.861088390676808091e-02
2.896508066534493955e-02
2.932187110146006886e-02
2.968000918556790851e-02
3.003808486804297392e-02
3.039460235385869555e-02
3.074807053715563482e-02
3.109709970345239313e-02
3.144049764332060987e-02
3.177735789849015641e-02
3.210713306459722638e-02
3.242968691443099544e-02
3.274532051325123455e-02
3.305476933748239393e-02
3.335917050030405562e-02
3.366000134035788960e-02
3.395899266890912982e-02
3.425802176264935994e-02
3.455899164925247541e-02
3.486370431974806366e-02
3.517373619992794631e-02
3.549032450860292731e-02
3.581427299088466715e-02
3.614588487963224517e-02
3.648492972916562299e-02
3.683064891377141326e-02
3.718180207364751161e-02
3.753675370366570813e-02
3.789359562363964207e-02
3.825029757720545959e-02
3.860487510274376172e-02
3.895556154241345409e-02
3.930096996729871839e-02
3.964023110337547284e-02
3.997309504276527758e-02
4.029998740861167467e-02
4.062201434210727102e-02
4.094091475347699793e-02
4.125896229858366793e-02
4.157882317707575770e-02
4.190337890139128607e-02
4.223552559864619110e-02
4.257796321434174913e-02
4.293298924561979313e-02
4.330231234631798376e-02
4.368690120461291709e-02
4.408688325343902009e-02
4.450150570525639171e-02
4.492916780444198427e-02
4.536752794225136498e-02
4.581368259441723212e-02
4.626440654613144660e-02
4.671643655695601610e-02
