1.230919187421119609e+00
1.232340491922243597e+00
1.234688606285721413e+00
1.237932467914681034e+00
1.242028825946933868e+00
1.246922889965119241e+00
1.252549716494271159e+00
1.258836684375807868e+00
1.265707417206049845e+00
1.273087474598863844e+00
1.280912046231054591e+00
1.289135737913575053e+00
1.297744336537050014e+00
1.306768187126454484e+00
1.316296525144841967e+00
1.326491801617807553e+00
1.337602738466767027e+00
1.349974566352381666e+00
1.364054612233945862e+00
1.380391067089412616e+00
1.399622285540215172e+00
1.422453238668190956e+00
1.449614686670931851e+00
1.481799342865672608e+00
1.519568214054370259e+00
1.563220551166378813e+00
1.612624573005599027e+00
1.667016549466199482e+00
1.724796236213744782e+00
1.783377195887070110e+00
1.839182373352481914e+00
1.887885202989353806e+00
1.924951770223005232e+00
1.946423751941376734e+00
1.949733183330180974e+00
1.934256752052333272e+00
1.901388466389272613e+00
1.854116747447341451e+00
1.796301722438694126e+00
1.731928809631154031e+00
1.664546982925787066e+00
1.596966789395749542e+00
1.531184512449319080e+00
1.468451319069269401e+00
1.409407907576748942e+00
1.354228755206557278e+00
1.302745118094375432e+00
1.254533624302575534e+00
1.208966405205673444e+00
1.165220829623969223e+00
1.122243490105351515e+00
1.078653988955559306e+00
1.032556492956907768e+00
9.811941176565870393e-01
9.203210389903356825e-01
8.430733601760750373e-01
7.380889983102062457e-01
5.874902785763542745e-01
3.718832025385928053e-01
1.165486764708859452e-01
3.081858736250314874e-03
2.019143861688340313e-01
5.036248275281137721e-01
7.170908904246339199e-01
8.393516740317029656e-01
9.065519409634774650e-01
9.433606169559184407e-01
9.630987835039792611e-01
9.727451618796084665e-01
9.760007829519826705e-01
9.748375607797117315e-01
9.702573976462384175e-01
9.626594370344861984e-01
9.520020313513406496e-01
9.378393971112426453e-01
9.192557894315978029e-01
8.946789284643624773e-01
8.615079469042293825e-01
8.154222234700132521e-01
7.491519723429592714e-01
6.505890324703539340e-01
5.018352002686415902e-01
2.915405769460261420e-01
8.585253028779568640e-02
1.120701193567547743e-01
4.136294189823498946e-01
7.112278951951743755e-01
8.976453659151548692e-01
1.005364994867194106e+00
1.071457515823637907e+00
1.117096434855888942e+00
1.153446673727122729e+00
1.186716910920144752e+00
1.220768214702167231e+00
1.258359581055534138e+00
1.301688600749903113e+00
1.352428054063037122e+00
1.411044859287507780e+00
1.474508004983519527e+00
1.530108932638546415e+00
1.541577324564161078e+00
1.431541432511822531e+00
1.114029350109510430e+00
6.498052022329541266e-01
2.654926154063657062e-01
6.941206904141401790e-02
7.838851918592066106e-03
9.147847692238496309e-03
3.289815709293666957e-02
6.126581864305181285e-02
8.721411211692609022e-02
1.082219063048591307e-01
1.235213149197082888e-01
1.329392123278174132e-01
1.364230037992597011e-01
1.338722299270243554e-01
1.251469381068684439e-01
1.102457452413879713e-01
8.970145026130048327e-02
6.519408772578245970e-02
4.012140892365444883e-02
1.942551688264276821e-02
7.981200060767627835e-03
8.154451655045235128e-03
1.862751872737270983e-02
3.559866594130338402e-02
5.497448748409126257e-02
7.375823980713230865e-02
9.028406971441112205e-02
1.038665945118781020e-01
1.143745351015533207e-01
1.219225336201391063e-01
1.266929934768961930e-01
1.288487836562229039e-01
1.285013055573422658e-01
1.257135668429121556e-01
1.205303087493874714e-01
1.130334179205556705e-01
1.034188868153229496e-01
9.207957147469648940e-02
7.965854015380768871e-02
6.702528098077779883e-02
5.514558488314459661e-02
4.487420037123397015e-02
3.676054472417421976e-02
3.096096413591842289e-02
2.728452489946152706e-02
2.532326972241377358e-02
2.459268058373687352e-02
2.463341180289531709e-02
2.506306075337156811e-02
2.558970336206526502e-02
2.600437286597372805e-02
2.616593481371468771e-02
2.598619830273285816e-02
2.541874716103927415e-02
2.445228429726185176e-02
2.310769648758352265e-02
2.143700097666870891e-02
1.952163406068918236e-02
1.746742041311953597e-02
1.539447294208086923e-02
1.342237135362320602e-02
1.165356575741429389e-02
1.015958431634242723e-02
8.974053630199051862e-03
8.093931307430381888e-03
7.487291190733681538e-03
7.104210926470946527e-03
6.887369386728356760e-03
6.780236668742303970e-03
6.732218918486230531e-03
6.701146059390767316e-03
6.653923030535553208e-03
6.566168805912692315e-03
6.421464324504835321e-03
6.210577184137177839e-03
5.930804104669549527e-03
5.585399033694842495e-03
5.182946055388663181e-03
4.736502649787934470e-03
4.262388352021323316e-03
3.778616407605884207e-03
3.303120295029699990e-03
2.852047005392533991e-03
2.438415092139299863e-03
2.071351213805333168e-03
1.755963254675108835e-03
1.493751378513276037e-03
1.283359841818933330e-03
1.121452435625667913e-03
1.003535841565368235e-03
9.246239761652966672e-04
8.797026915872000526e-04
8.640021110005121664e-04
8.731106155936929581e-04
9.029746878876353808e-04
9.498289923678390539e-04
1.010096470394350682e-03
1.080291710389809411e-03
1.156953257580931689e-03
1.236621626248736493e-03
1.315869420795471711e-03
1.391378928437808811e-03
1.460052692072090269e-03
1.519136270543294939e-03
1.566331354250881033e-03
1.599881691504486314e-03
1.618622131290789988e-03
1.621989674022997468e-03
1.610002091385125947e-03
1.583212940029227710e-03
1.542651612722447567e-03
1.489754494011485617e-03
1.426289811764491419e-03
1.354275789860176884e-03
1.275890188607441524e-03
1.193369746304844643e-03
1.108900395570231422e-03
1.024502941310726032e-03
9.419232354198763023e-04
8.625395137134636439e-04
7.873011333464707091e-04
7.167114347978271668e-04
6.508625698516607491e-04
5.895226209356274442e-04
5.322668460125457067e-04
4.786375005587581444e-04
4.283122021092827347e-04
3.812600908633977711e-04
3.378678448424249641e-04
2.990227793500648142e-04
2.661462941202214871e-04
2.411765294906916446e-04
2.265035114048200449e-04
2.248631729808103449e-04
2.391987483592592553e-04
2.724996187262740941e-04
3.276291283057068422e-04
4.071542795036227867e-04
5.131913218928514306e-04
6.472815522435600025e-04
8.103105177477225828e-04
1.002480771466573821e-03
1.223343257740398468e-03
1.471885738465372869e-03
1.746669381004168275e-03
2.045998026016665212e-03
2.368100037761858463e-03
2.711300919582684127e-03
3.074166313278065520e-03
3.455599163116361734e-03
3.854880776778540994e-03
4.271652130532472766e-03
4.705838047872908277e-03
5.157522170832955742e-03
5.626784669451814422e-03
6.113517424458380506e-03
6.617233134883190697e-03
7.136885584865541345e-03
7.670718161586353653e-03
8.216156509872717464e-03
8.769758718260961886e-03
9.327232483443652702e-03
9.883523317484181267e-03
1.043297137638259965e-02
1.096952757114152098e-02
1.148701320547548983e-02
1.197940247674246679e-02
1.244110462445094552e-02
1.286722277466854567e-02
1.325376955586436006e-02
1.359782479460506718e-02
1.389762711900557890e-02
1.415259804945567974e-02
1.436330318496559753e-02
1.453135971984724148e-02
1.465930242406836455e-02
1.475042140252587862e-02
1.480858467454041795e-02
1.483805728080866970e-02
1.484332665410431108e-02
1.482894175530719005e-02
1.479937125983632126e-02
1.475888406304174533e-02
1.471145365061890357e-02
1.466068648077876839e-02
1.460977343721862713e-02
1.456146260403557748e-02
1.451805104746893040e-02
1.448139292818182572e-02
1.445292107964781317e-02
1.443367914544949233e-02
1.442436144615177884e-02
1.442535792143317779e-02
1.443680174232686228e-02
1.445861748919926790e-02
1.449056812219167226e-02
1.453229931329766758e-02
1.458338004728871283e-02
1.464333872016406433e-02
1.471169425984535789e-02
1.478798205815325638e-02
1.487177473093493664e-02
1.496269791049227235e-02
1.506044141750476940e-02
1.516476625548471811e-02
1.527550791817885653e-02
1.539257650102987367e-02
1.551595406784421656e-02
1.564568965400438272e-02
1.578189220301854517e-02
1.592472165160463762e-02
1.607437831745093040e-02
1.623109071771213635e-02
1.639510196373093753e-02
1.656665493945020523e-02
1.674597657086506625e-02
1.693326161869709162e-02
1.712865655940176701e-02
1.733224424264639615e-02
1.754403010983435901e-02
1.776393081431864099e-02
1.799176608936999336e-02
1.822725465785761043e-02
1.847001486395808897e-02
1.871957053062560036e-02
1.897536230837775645e-02
1.923676448609508774e-02
1.950310689269865727e-02
1.977370114550115049e-02
2.004787011931221871e-02
2.032497914919384127e-02
2.060446717336027883e-02
2.088587580732393159e-02
2.116887424994728928e-02
2.145327798325148694e-02
2.173905945526782499e-02
2.202634932797790240e-02
2.231542741250237133e-02
2.260670306748017305e-02
2.290068555833797703e-02
2.319794561275594080e-02
2.349907010845395799e-02
2.380461244522298625e-02
2.411504164292037691e-02
2.443069353740795480e-02
2.475172758956325353e-02
2.507809275486318212e-02
2.540950556211815994e-02
2.574544300445452336e-02
2.608515204906335788e-02
2.642767653874163181e-02
2.677190102929284665e-02
2.711660975702180967e-02
2.746055756762906877e-02
2.780254839492929050e-02
2.814151589763094416e-02
2.847660027553474554e-02
2.880721518864797978e-02
2.913309913629861386e-02
2.945434659773567276e-02
2.977141560974358447e-02
3.008511013217750676e-02
3.039653737576358816e-02
3.070704208422456866e-02
3.101812144207310648e-02
3.133132572177267650e-02
3.164815092718476636e-02
3.196993049966490724e-02
3.229773360584845682e-02
3.263227759320691534e-02
3.297386183463625609e-02
3.332232932376129331e-02
3.367706096506093566e-02
3.403700549465567271e-02
3.440074540463494007e-02
3.476659626322062269e-02
3.513273367667903158e-02
3.549733917515002918e-02
3.585875391762017445e-02
3.621562766555323776e-02
3.656705022445930209e-02
3.691265358186480300e-02
3.725267517045574572e-02
3.758797578155089608e-02
3.792000926798616556e-02
3.825074490846225306e-02
3.858254681636686528e-02
3.891801783433067319e-02
3.925981785630080351e-02
3.961046845793984167e-02
3.997215713835509943e-02
4.034655540311263971e-02
4.073466528636077166e-02
4.113670853240763287e-02
4.155207124099871696e-02
4.197931400172355554e-02
4.241625317872881745e-02
4.286011309148935605e-02
4.330774178538345648e-02
4.375587572019574989e-02
4.420143214278512978e-02
