1.152245009385700847e+00
1.151274400078830862e+00
1.149612979959488523e+00
1.147196295062567151e+00
1.143936551210137598e+00
1.139725347903362218e+00
1.134437551940358890e+00
1.127936479845675466e+00
1.120080492522430804e+00
1.110730989167466598e+00
1.099761622677359885e+00
1.087068355170770273e+00
1.072579748607373595e+00
1.056266670036851707e+00
1.038150419384198830e+00
1.018308197418497762e+00
9.968748536011516892e-01
9.740400024637634324e-01
9.500398638570703991e-01
9.251435331605070145e-01
8.996337738747620660e-01
8.737828055133278760e-01
8.478239323343094158e-01
8.219202976230952640e-01
7.961327341698685167e-01
7.703898961981274773e-01
7.444658957703607083e-01
7.179735759039206355e-01
6.903846274204930022e-01
6.610888695951885330e-01
6.295003838814191566e-01
5.952038932740546517e-01
5.581111710875971132e-01
5.185744096679041348e-01
4.774003777883985000e-01
4.357398740626576839e-01
3.948814618420299904e-01
3.560225453874792945e-01
3.200942352694772786e-01
2.876808983267343245e-01
2.590297621463139577e-01
2.341177102508808228e-01
2.127382945520897295e-01
1.945828024845695225e-01
1.793031025619999941e-01
1.665542450482739578e-01
1.560200751827207910e-01
1.474267320908991818e-01
1.405485929711399462e-01
1.352102152314239580e-01
1.312867491192714064e-01
1.287042783227007048e-01
1.274402849197749932e-01
1.275217766899411631e-01
1.290109272499623261e-01
1.319434953286135748e-01
1.361043681281154105e-01
1.402668385209211721e-01
1.398978244894923673e-01
1.229395550546673460e-01
7.722822527358413902e-02
2.664080055206929920e-02
3.807883442346236217e-03
1.786504041794839464e-03
6.831176240271498445e-03
1.308089586603019411e-02
1.886026232692537830e-02
2.386449852240422193e-02
2.816741721825500450e-02
3.192343667763618276e-02
3.528606852754419265e-02
3.839115361857852599e-02
4.135892249479867361e-02
4.430126081992493553e-02
4.733054162562190526e-02
5.056953976216459895e-02
5.416279357860177834e-02
5.828908927325115313e-02
6.317032898818164544e-02
6.905396268132685256e-02
7.607607867667889878e-02
8.365566638004864886e-02
8.836621209755878004e-02
7.987868361534274098e-02
4.928175826650731811e-02
1.713479372763271683e-02
2.870234392550109325e-03
6.559796100419729940e-04
2.855407205471809616e-03
6.233454504330606175e-03
9.752443110639193516e-03
1.315625254777180557e-02
1.645250401878279103e-02
1.974394477725052027e-02
2.317993269166362599e-02
2.695115191642741617e-02
3.130181148449438094e-02
3.654557985308694995e-02
4.305626166416009343e-02
5.113240264006239932e-02
6.042970781229096977e-02
6.843456785245512208e-02
6.905091995102653757e-02
5.772591024699736534e-02
4.031693001822313910e-02
2.569997926714404426e-02
1.634595399066781848e-02
1.097243028713089721e-02
8.005971530845163581e-03
6.411539598212441342e-03
5.598755866073727022e-03
5.241078386409638371e-03
5.156521638648390096e-03
5.240823327889609917e-03
5.430603526527127446e-03
5.681782082971645852e-03
5.955087076989009319e-03
6.204633161220007159e-03
6.369114235704624594e-03
6.369908690813420003e-03
6.125482713443105610e-03
5.588624343955775689e-03
4.790425207702011037e-03
3.847913820208161920e-03
2.912905698338374462e-03
2.103199360053749443e-03
1.471630157552772074e-03
1.018311493908526967e-03
7.173407266224633835e-04
5.370632739855328878e-04
4.499678255244300208e-04
4.356729808419942257e-04
4.807048018242508595e-04
5.771754660521354443e-04
7.212128439918269939e-04
9.113176229269115804e-04
1.146541173716638566e-03
1.424340606281618944e-03
1.738157324671724775e-03
2.075202121192140908e-03
2.415490739002658285e-03
2.733398774435677209e-03
3.002241010950990226e-03
3.200578239648810708e-03
3.317392899725517350e-03
3.353637392910697925e-03
3.319900813616221899e-03
3.232059001813098083e-03
3.107171614069359315e-03
2.960891458779869347e-03
2.806491922628163473e-03
2.655013719315525884e-03
2.515952531659378967e-03
2.398057227063236582e-03
2.309967682363279606e-03
2.260516698707667419e-03
2.258563103989961931e-03
2.312259407668321946e-03
2.427741980945192449e-03
2.607403292929057637e-03
2.848149307934388832e-03
3.140256804078061636e-03
3.467451709584687750e-03
3.808505808409456354e-03
4.140075534168843711e-03
4.439989009933013701e-03
4.690047258320338350e-03
4.877710085227460884e-03
4.996556357029748735e-03
5.045830542064222782e-03
5.029549478607493393e-03
4.955576252289369682e-03
4.834893880103579254e-03
4.681135283554503125e-03
4.510296385893362847e-03
4.340482544509874363e-03
4.191507518982529393e-03
4.084176161950116637e-03
4.039142816082265039e-03
4.075352145885859784e-03
4.208225929274612455e-03
4.447915880756615412e-03
4.798030376614325666e-03
5.255198009940914398e-03
5.809639112220916710e-03
6.446639484170134209e-03
7.148572669704942283e-03
7.897000117718957352e-03
8.674424256816963552e-03
9.465431158911893905e-03
1.025715250792198947e-02
1.103913003118411548e-02
1.180274926914114120e-02
1.254043069114340291e-02
1.324474970360713273e-02
1.390762762516975677e-02
1.451970791628260683e-02
1.507000924947082821e-02
1.554592462279138186e-02
1.593360562247552945e-02
1.621872717415188264e-02
1.638757152251855281e-02
1.642831081658675460e-02
1.633232301754587029e-02
1.609536397654757339e-02
1.571844882830556248e-02
1.520836223805226324e-02
1.457779863148697848e-02
1.384520318123926008e-02
1.303442038081129885e-02
1.217425165121114802e-02
1.129798344495594291e-02
1.044288901904562826e-02
9.649648980163098508e-03
8.961593439818466705e-03
8.423652809660351140e-03
8.080920843170242077e-03
7.976784099028555106e-03
8.150653177325552570e-03
8.635432739281757517e-03
9.454971172771782506e-03
1.062181132194685469e-02
1.213559331821161338e-02
1.398241838687899578e-02
1.613536448727845296e-02
1.855616952629566066e-02
2.119790487080411637e-02
2.400829899503609255e-02
2.693327859415362360e-02
2.992029094276043091e-02
3.292104874148080174e-02
3.589346855949083342e-02
3.880271947753328315e-02
4.162142753044724419e-02
4.432917447246646075e-02
4.691148071312880447e-02
4.935847708685175972e-02
5.166345874795212623e-02
5.382148765921630079e-02
5.582817607338202287e-02
5.767874688275104189e-02
5.936742974023018898e-02
6.088721507072888950e-02
6.222995222749544419e-02
6.338674490707234266e-02
6.434856954820007691e-02
6.510702436971543827e-02
6.565511081940819671e-02
6.598795644739038901e-02
6.610340692010238661e-02
6.600244101850882839e-02
6.568939066666010240e-02
6.517197311085161371e-02
6.446116055112770249e-02
6.357092219037473180e-02
6.251787530097852041e-02
6.132087753725577739e-02
6.000058507414514353e-02
5.857899289903976264e-02
5.707896680004681533e-02
5.552377250588468038e-02
5.393660638762710902e-02
5.234013372186080426e-02
5.075604377835663678e-02
4.920463467005187913e-02
4.770444369315702399e-02
4.627193972885237233e-02
4.492129257301685080e-02
4.366422979730884280e-02
4.250998550679269128e-02
4.146533817616156192e-02
4.053472783870179508e-02
3.972043738538833663e-02
3.902281937163371017e-02
3.844054881142128927e-02
3.797088377554548588e-02
3.760991866443305631e-02
3.735281908706573201e-02
3.719403163970557563e-02
3.712746596354298684e-02
3.714664987657696066e-02
3.724486091191463871e-02
3.741523918438868779e-02
3.765088717355788428e-02
3.794496182846095883e-02
3.829076347375027362e-02
3.868182446488325349e-02
3.911199858031377818e-02
3.957554997947586306e-02
4.006723846979212689e-02
4.058239610673328168e-02
4.111698906861532832e-02
4.166765850135659144e-02
4.223173470315755990e-02
4.280722056481792159e-02
4.339274241840768154e-02
4.398746909853097631e-02
4.459100276294273441e-02
4.520324753672354950e-02
4.582426407328670653e-02
4.645411948340282676e-02
4.709274267594362046e-02
4.773979496721272170e-02
4.839456489827477503e-02
4.905589464345125328e-02
4.972214331721161451e-02
5.039119002784291090e-02
5.106047683545379690e-02
5.172708901381754126e-02
5.238786736822007017e-02
5.303954501136005223e-02
5.367889913079275377e-02
5.430290705964548742e-02
5.490889551243276906e-02
5.549467223397768628e-02
5.605863051988037998e-02
5.659981900890696804e-02
5.711797165556561223e-02
5.761349564714903643e-02
5.808741799240267623e-02
5.854129434506704505e-02
5.897708613497731900e-02
5.939701411233085787e-02
5.980339787135923596e-02
6.019849175968267074e-02
6.058432778546207070e-02
6.096257571390401725e-02
6.133442951848393221e-02
6.170052775361345443e-02
6.206091329740769796e-02
6.241503536086338844e-02
6.276179380241136974e-02
6.309962280339626028e-02
6.342660807367864195e-02
6.374062921576024998e-02
6.403951692438392129e-02
6.432121353934926178e-02
6.458392523012494724e-02
6.482625480059789336e-02
6.504730568370101218e-02
6.524674997726898074e-02
6.542485611757706265e-02
6.558247473256435811e-02
6.572098411364483972e-02
6.584219939001721700e-02
6.594825174253823863e-02
6.604144577858854503e-02
6.612410447586455908e-02
6.619841188596102544e-02
6.626626406098014288e-02
6.632913840309832831e-02
6.638799079318610796e-02
6.644318838086320234e-02
6.649448379079743454e-02
6.654103375625836092e-02
6.658146196090732050e-02
6.661396238916088286e-02
6.663643608160911558e-02
6.664665124210300551e-02
6.664241450980924741e-02
6.662174017053408559e-02
6.658300427095910357e-02
6.652507197838472552e-02
6.644738889399573467e-02
6.635003005714050495e-02
6.623370369897241261e-02
6.609971006747007716e-02
6.594985858891298791e-02
6.578634910695199678e-02
6.561162491825316134e-02
6.542820685276580506e-02
6.523851880234002309e-02
6.504471592488174359e-02
6.484852720296119255e-02
6.465112397805497513e-02
6.445302530102985095e-02
6.425404921038921358e-02
6.405331622534227165e-02
6.384930744820492554e-02
6.363997497599439834e-02
6.342289733387716788e-02
6.319546804376646731e-02
6.295510194252616765e-02
6.269944204008458255e-02
6.242654984590852857e-02
6.213506411513922134e-02
6.182431645132295539e-02
6.149439649779192552e-02
6.114616383910537883e-02
6.078120761628941909e-02
6.040175787810343061e-02
6.001055478929964715e-02
5.961068321082687443e-02
5.920538124033407346e-02
5.879783245802339131e-02
5.839095312338904442e-02
5.798718739426440144e-02
5.758832542424082573e-02
5.719536025815494251e-02
5.680839895520814475e-02
5.642664060609357823e-02
5.604842857767112357e-02
5.567137678396325007e-02
